REC: 3149	17.0	793.0	-776.0	405.0	
REC: 3150	17.0	793.0	-776.0	405.0	
REC: 3150	17.0	793.0	-776.0	405.0	
REC: 3150	17.0	793.0	-776.0	405.0	
REC: 3150	17.0	793.0	-776.0	405.0	
REC: 3150	17.0	793.0	-776.0	405.0	
REC: 3150	17.0	793.0	-776.0	405.0	
REC: 3150	17.0	793.0	-776.0	405.0	
REC: 3150	17.0	793.0	-776.0	405.0	
REC: 3150	17.0	793.0	-776.0	405.0	
REC: 3150	17.0	793.0	-776.0	405.0	
REC: 3150	17.0	793.0	-776.0	405.0	
REC: 3150	17.0	793.0	-776.0	405.0	
REC: 3150	17.0	793.0	-776.0	405.0	
REC: 3150	17.0	793.0	-776.0	405.0	
REC: 3150	17.0	793.0	-776.0	405.0	
REC: 3150	17.0	793.0	-776.0	405.0	
REC: 3150	17.0	793.0	-776.0	405.0	
REC: 3151	17.0	793.0	-776.0	405.0	
REC: 3151	17.0	793.0	-776.0	405.0	
REC: 3151	17.0	793.0	-776.0	405.0	
REC: 3151	17.0	793.0	-776.0	405.0	
REC: 3151	17.0	793.0	-776.0	405.0	
REC: 3151	17.0	793.0	-776.0	405.0	
REC: 3151	17.0	793.0	-776.0	405.0	
REC: 3151	17.0	793.0	-776.0	405.0	
REC: 3151	17.0	793.0	-776.0	405.0	
REC: 3151	17.0	793.0	-776.0	405.0	
REC: 3151	17.0	793.0	-776.0	405.0	
REC: 3152	17.0	793.0	-776.0	405.0	
REC: 3152	17.0	793.0	-776.0	405.0	
REC: 3152	17.0	793.0	-776.0	405.0	
REC: 3152	17.0	793.0	-776.0	405.0	
REC: 3152	17.0	793.0	-776.0	405.0	
REC: 3152	17.0	793.0	-776.0	405.0	
REC: 3152	17.0	793.0	-776.0	405.0	
REC: 3152	17.0	793.0	-776.0	405.0	
REC: 3152	17.0	793.0	-776.0	405.0	
REC: 3152	17.0	793.0	-776.0	405.0	
REC: 3152	17.0	793.0	-776.0	405.0	
REC: 3152	17.0	793.0	-776.0	405.0	
REC: 3152	17.0	793.0	-776.0	405.0	
REC: 3152	17.0	793.0	-776.0	405.0	
REC: 3152	17.0	793.0	-776.0	405.0	
REC: 3152	17.0	793.0	-776.0	405.0	
REC: 3152	17.0	793.0	-776.0	405.0	
REC: 3152	17.0	793.0	-776.0	405.0	
REC: 3152	17.0	793.0	-776.0	405.0	
REC: 3152	17.0	793.0	-776.0	405.0	
REC: 3152	17.0	793.0	-776.0	405.0	
REC: 3152	17.0	793.0	-776.0	405.0	
REC: 3152	17.0	793.0	-776.0	405.0	
REC: 3152	17.0	793.0	-776.0	405.0	
REC: 3152	17.0	793.0	-776.0	405.0	
REC: 3152	17.0	793.0	-776.0	405.0	
REC: 3152	17.0	793.0	-776.0	405.0	
REC: 3152	17.0	793.0	-776.0	405.0	
REC: 3152	17.0	793.0	-776.0	405.0	
REC: 3152	17.0	793.0	-776.0	405.0	
REC: 3152	17.0	793.0	-776.0	405.0	
REC: 3152	17.0	793.0	-776.0	405.0	
REC: 3152	17.0	793.0	-776.0	405.0	
REC: 3152	17.0	793.0	-776.0	405.0	
REC: 3152	17.0	793.0	-776.0	405.0	
REC: 3152	17.0	793.0	-776.0	405.0	
REC: 3152	17.0	793.0	-776.0	405.0	
REC: 3152	17.0	793.0	-776.0	405.0	
REC: 3152	17.0	793.0	-776.0	405.0	
REC: 3152	17.0	793.0	-776.0	405.0	
REC: 3152	17.0	793.0	-776.0	405.0	
REC: 3152	17.0	793.0	-776.0	405.0	
REC: 3152	17.0	793.0	-776.0	405.0	
REC: 3152	17.0	793.0	-776.0	405.0	
REC: 3152	17.0	793.0	-776.0	405.0	
REC: 3152	17.0	793.0	-776.0	405.0	
REC: 3152	17.0	793.0	-776.0	405.0	
REC: 3152	17.0	793.0	-776.0	405.0	
REC: 3153	17.0	793.0	-776.0	405.0	
REC: 3153	17.0	793.0	-776.0	405.0	
REC: 3153	17.0	793.0	-776.0	405.0	
REC: 3153	17.0	793.0	-776.0	405.0	
REC: 3153	17.0	793.0	-776.0	405.0	
REC: 3153	17.0	793.0	-776.0	405.0	
REC: 3153	17.0	793.0	-776.0	405.0	
REC: 3153	17.0	793.0	-776.0	405.0	
REC: 3153	17.0	793.0	-776.0	405.0	
REC: 3153	17.0	793.0	-776.0	405.0	
REC: 3153	17.0	793.0	-776.0	405.0	
REC: 3153	17.0	793.0	-776.0	405.0	
REC: 3153	17.0	793.0	-776.0	405.0	
REC: 3153	17.0	793.0	-776.0	405.0	
REC: 3153	17.0	793.0	-776.0	405.0	
REC: 3153	17.0	793.0	-776.0	405.0	
REC: 3153	17.0	793.0	-776.0	405.0	
REC: 3153	17.0	793.0	-776.0	405.0	
REC: 3153	17.0	793.0	-776.0	405.0	
REC: 3153	17.0	793.0	-776.0	405.0	
REC: 3153	17.0	793.0	-776.0	405.0	
REC: 3153	17.0	793.0	-776.0	405.0	
REC: 3153	17.0	793.0	-776.0	405.0	
REC: 3210	436.0	643.0	-207.0	539.0	
REC: 3211	436.0	643.0	-207.0	539.0	
REC: 3211	436.0	643.0	-207.0	539.0	
REC: 3211	436.0	643.0	-207.0	539.0	
REC: 3211	436.0	643.0	-207.0	539.0	
REC: 3211	436.0	643.0	-207.0	539.0	
REC: 3211	436.0	643.0	-207.0	539.0	
REC: 3211	436.0	643.0	-207.0	539.0	
REC: 3211	436.0	643.0	-207.0	539.0	
REC: 3211	436.0	643.0	-207.0	539.0	
REC: 3211	436.0	643.0	-207.0	539.0	
REC: 3211	436.0	643.0	-207.0	539.0	
REC: 3211	436.0	643.0	-207.0	539.0	
REC: 3211	436.0	643.0	-207.0	539.0	
REC: 3211	436.0	643.0	-207.0	539.0	
REC: 3211	436.0	643.0	-207.0	539.0	
REC: 3211	436.0	643.0	-207.0	539.0	
REC: 3211	436.0	643.0	-207.0	539.0	
REC: 3211	436.0	643.0	-207.0	539.0	
REC: 3211	436.0	643.0	-207.0	539.0	
REC: 3211	436.0	643.0	-207.0	539.0	
REC: 3211	436.0	643.0	-207.0	539.0	
REC: 3211	436.0	643.0	-207.0	539.0	
REC: 3211	436.0	643.0	-207.0	539.0	
REC: 3211	436.0	643.0	-207.0	539.0	
REC: 3211	436.0	643.0	-207.0	539.0	
REC: 3211	436.0	643.0	-207.0	539.0	
REC: 3211	436.0	643.0	-207.0	539.0	
REC: 3211	436.0	643.0	-207.0	539.0	
REC: 3211	436.0	643.0	-207.0	539.0	
REC: 3211	436.0	643.0	-207.0	539.0	
REC: 3211	436.0	643.0	-207.0	539.0	
REC: 3211	436.0	643.0	-207.0	539.0	
REC: 3211	436.0	643.0	-207.0	539.0	
REC: 3211	436.0	643.0	-207.0	539.0	
REC: 3211	436.0	643.0	-207.0	539.0	
REC: 3211	436.0	643.0	-207.0	539.0	
REC: 3211	436.0	643.0	-207.0	539.0	
REC: 3211	436.0	643.0	-207.0	539.0	
REC: 3211	436.0	643.0	-207.0	539.0	
REC: 3211	436.0	643.0	-207.0	539.0	
REC: 3211	436.0	643.0	-207.0	539.0	
REC: 3211	436.0	643.0	-207.0	539.0	
REC: 3211	436.0	643.0	-207.0	539.0	
REC: 3211	436.0	643.0	-207.0	539.0	
REC: 3211	436.0	643.0	-207.0	539.0	
REC: 3211	436.0	643.0	-207.0	539.0	
REC: 3211	436.0	643.0	-207.0	539.0	
REC: 3211	436.0	643.0	-207.0	539.0	
REC: 3212	436.0	643.0	-207.0	539.0	
REC: 3212	436.0	643.0	-207.0	539.0	
REC: 3212	436.0	643.0	-207.0	539.0	
REC: 3212	436.0	643.0	-207.0	539.0	
REC: 3212	436.0	643.0	-207.0	539.0	
REC: 3212	436.0	643.0	-207.0	539.0	
REC: 3212	436.0	643.0	-207.0	539.0	
REC: 3212	436.0	643.0	-207.0	539.0	
REC: 3212	436.0	643.0	-207.0	539.0	
REC: 3212	436.0	643.0	-207.0	539.0	
REC: 3212	436.0	643.0	-207.0	539.0	
REC: 3212	436.0	643.0	-207.0	539.0	
REC: 3212	436.0	643.0	-207.0	539.0	
REC: 3212	436.0	643.0	-207.0	539.0	
REC: 3212	436.0	643.0	-207.0	539.0	
REC: 3212	436.0	643.0	-207.0	539.0	
REC: 3212	436.0	643.0	-207.0	539.0	
REC: 3212	436.0	643.0	-207.0	539.0	
REC: 3212	436.0	643.0	-207.0	539.0	
REC: 3212	436.0	643.0	-207.0	539.0	
REC: 3212	436.0	643.0	-207.0	539.0	
REC: 3212	436.0	643.0	-207.0	539.0	
REC: 3212	436.0	643.0	-207.0	539.0	
REC: 3212	436.0	643.0	-207.0	539.0	
REC: 3212	436.0	643.0	-207.0	539.0	
REC: 3212	436.0	643.0	-207.0	539.0	
REC: 3212	436.0	643.0	-207.0	539.0	
REC: 3212	436.0	643.0	-207.0	539.0	
REC: 3212	436.0	643.0	-207.0	539.0	
REC: 3212	436.0	643.0	-207.0	539.0	
REC: 3213	436.0	643.0	-207.0	539.0	
REC: 3213	436.0	643.0	-207.0	539.0	
REC: 3213	436.0	643.0	-207.0	539.0	
REC: 3213	436.0	643.0	-207.0	539.0	
REC: 3213	436.0	643.0	-207.0	539.0	
REC: 3213	436.0	643.0	-207.0	539.0	
REC: 3213	436.0	643.0	-207.0	539.0	
REC: 3213	436.0	643.0	-207.0	539.0	
REC: 3213	436.0	643.0	-207.0	539.0	
REC: 3213	436.0	643.0	-207.0	539.0	
REC: 3213	436.0	643.0	-207.0	539.0	
REC: 3213	436.0	643.0	-207.0	539.0	
REC: 3214	436.0	643.0	-207.0	539.0	
REC: 3214	436.0	643.0	-207.0	539.0	
REC: 3214	436.0	643.0	-207.0	539.0	
REC: 3214	436.0	643.0	-207.0	539.0	
REC: 3214	436.0	643.0	-207.0	539.0	
REC: 3214	436.0	643.0	-207.0	539.0	
REC: 3214	436.0	643.0	-207.0	539.0	
REC: 3214	436.0	643.0	-207.0	539.0	
REC: 3214	436.0	643.0	-207.0	539.0	
REC: 3300	257.0	728.0	-471.0	492.0	
REC: 3300	257.0	728.0	-471.0	492.0	
REC: 3300	257.0	728.0	-471.0	492.0	
REC: 3300	257.0	728.0	-471.0	492.0	
REC: 3300	257.0	728.0	-471.0	492.0	
REC: 3300	257.0	728.0	-471.0	492.0	
REC: 3300	257.0	728.0	-471.0	492.0	
REC: 3300	257.0	728.0	-471.0	492.0	
REC: 3300	257.0	728.0	-471.0	492.0	
REC: 3300	257.0	728.0	-471.0	492.0	
REC: 3300	257.0	728.0	-471.0	492.0	
REC: 3300	257.0	728.0	-471.0	492.0	
REC: 3300	257.0	728.0	-471.0	492.0	
REC: 3300	257.0	728.0	-471.0	492.0	
REC: 3300	257.0	728.0	-471.0	492.0	
REC: 3300	257.0	728.0	-471.0	492.0	
REC: 3300	257.0	728.0	-471.0	492.0	
REC: 3300	257.0	728.0	-471.0	492.0	
REC: 3300	257.0	728.0	-471.0	492.0	
REC: 3300	257.0	728.0	-471.0	492.0	
REC: 3300	257.0	728.0	-471.0	492.0	
REC: 3300	257.0	728.0	-471.0	492.0	
REC: 3300	257.0	728.0	-471.0	492.0	
REC: 3300	257.0	728.0	-471.0	492.0	
REC: 3300	257.0	728.0	-471.0	492.0	
REC: 3300	257.0	728.0	-471.0	492.0	
REC: 3300	257.0	728.0	-471.0	492.0	
REC: 3300	257.0	728.0	-471.0	492.0	
REC: 3300	257.0	728.0	-471.0	492.0	
REC: 3300	257.0	728.0	-471.0	492.0	
REC: 3300	257.0	728.0	-471.0	492.0	
REC: 3300	257.0	728.0	-471.0	492.0	
REC: 3300	257.0	728.0	-471.0	492.0	
REC: 3300	257.0	728.0	-471.0	492.0	
REC: 3300	257.0	728.0	-471.0	492.0	
REC: 3300	257.0	728.0	-471.0	492.0	
REC: 3300	257.0	728.0	-471.0	492.0	
REC: 3300	257.0	728.0	-471.0	492.0	
REC: 3300	257.0	728.0	-471.0	492.0	
REC: 3300	257.0	728.0	-471.0	492.0	
REC: 3300	257.0	728.0	-471.0	492.0	
REC: 3300	257.0	728.0	-471.0	492.0	
REC: 3300	257.0	728.0	-471.0	492.0	
REC: 3300	257.0	728.0	-471.0	492.0	
REC: 3300	257.0	728.0	-471.0	492.0	
REC: 3300	257.0	728.0	-471.0	492.0	
REC: 3300	257.0	728.0	-471.0	492.0	
REC: 3300	257.0	728.0	-471.0	492.0	
REC: 3300	257.0	728.0	-471.0	492.0	
REC: 3300	257.0	728.0	-471.0	492.0	
REC: 3300	257.0	728.0	-471.0	492.0	
REC: 3300	257.0	728.0	-471.0	492.0	
REC: 3300	257.0	728.0	-471.0	492.0	
REC: 3300	257.0	728.0	-471.0	492.0	
REC: 3301	257.0	728.0	-471.0	492.0	
REC: 3301	257.0	728.0	-471.0	492.0	
REC: 3301	257.0	728.0	-471.0	492.0	
REC: 3301	257.0	728.0	-471.0	492.0	
REC: 3301	257.0	728.0	-471.0	492.0	
REC: 3301	257.0	728.0	-471.0	492.0	
REC: 3301	257.0	728.0	-471.0	492.0	
REC: 3301	257.0	728.0	-471.0	492.0	
REC: 3301	257.0	728.0	-471.0	492.0	
REC: 3301	257.0	728.0	-471.0	492.0	
REC: 3301	257.0	728.0	-471.0	492.0	
REC: 3301	257.0	728.0	-471.0	492.0	
REC: 3301	257.0	728.0	-471.0	492.0	
REC: 3301	257.0	728.0	-471.0	492.0	
REC: 3301	257.0	728.0	-471.0	492.0	
REC: 3301	257.0	728.0	-471.0	492.0	
REC: 3301	257.0	728.0	-471.0	492.0	
REC: 3301	257.0	728.0	-471.0	492.0	
REC: 3301	257.0	728.0	-471.0	492.0	
REC: 3301	257.0	728.0	-471.0	492.0	
REC: 3301	257.0	728.0	-471.0	492.0	
REC: 3301	257.0	728.0	-471.0	492.0	
REC: 3301	257.0	728.0	-471.0	492.0	
REC: 3301	257.0	728.0	-471.0	492.0	
REC: 3301	257.0	728.0	-471.0	492.0	
REC: 3301	257.0	728.0	-471.0	492.0	
REC: 3301	257.0	728.0	-471.0	492.0	
REC: 3301	257.0	728.0	-471.0	492.0	
REC: 3301	257.0	728.0	-471.0	492.0	
REC: 3301	257.0	728.0	-471.0	492.0	
REC: 3301	257.0	728.0	-471.0	492.0	
REC: 3301	257.0	728.0	-471.0	492.0	
REC: 3301	257.0	728.0	-471.0	492.0	
REC: 3302	257.0	728.0	-471.0	492.0	
REC: 3302	257.0	728.0	-471.0	492.0	
REC: 3302	257.0	728.0	-471.0	492.0	
REC: 3302	257.0	728.0	-471.0	492.0	
REC: 3302	257.0	728.0	-471.0	492.0	
REC: 3302	257.0	728.0	-471.0	492.0	
REC: 3302	257.0	728.0	-471.0	492.0	
REC: 3302	257.0	728.0	-471.0	492.0	
REC: 3302	257.0	728.0	-471.0	492.0	
REC: 3302	257.0	728.0	-471.0	492.0	
REC: 3302	257.0	728.0	-471.0	492.0	
REC: 3302	257.0	728.0	-471.0	492.0	
REC: 3302	257.0	728.0	-471.0	492.0	
REC: 3357	119.0	788.0	-669.0	453.0	
REC: 3357	119.0	788.0	-669.0	453.0	
REC: 3357	119.0	788.0	-669.0	453.0	
REC: 3357	119.0	788.0	-669.0	453.0	
REC: 3357	119.0	788.0	-669.0	453.0	
REC: 3357	119.0	788.0	-669.0	453.0	
REC: 3357	119.0	788.0	-669.0	453.0	
REC: 3357	119.0	788.0	-669.0	453.0	
REC: 3357	119.0	788.0	-669.0	453.0	
REC: 3358	119.0	788.0	-669.0	453.0	
REC: 3358	119.0	788.0	-669.0	453.0	
REC: 3358	119.0	788.0	-669.0	453.0	
REC: 3358	119.0	788.0	-669.0	453.0	
REC: 3358	119.0	788.0	-669.0	453.0	
REC: 3358	119.0	788.0	-669.0	453.0	
REC: 3358	119.0	788.0	-669.0	453.0	
REC: 3358	119.0	788.0	-669.0	453.0	
REC: 3358	119.0	788.0	-669.0	453.0	
REC: 3358	119.0	788.0	-669.0	453.0	
REC: 3358	119.0	788.0	-669.0	453.0	
REC: 3358	119.0	788.0	-669.0	453.0	
REC: 3358	119.0	788.0	-669.0	453.0	
REC: 3358	119.0	788.0	-669.0	453.0	
REC: 3358	119.0	788.0	-669.0	453.0	
REC: 3358	119.0	788.0	-669.0	453.0	
REC: 3358	119.0	788.0	-669.0	453.0	
REC: 3358	119.0	788.0	-669.0	453.0	
REC: 3358	119.0	788.0	-669.0	453.0	
REC: 3358	119.0	788.0	-669.0	453.0	
REC: 3358	119.0	788.0	-669.0	453.0	
REC: 3358	119.0	788.0	-669.0	453.0	
REC: 3358	119.0	788.0	-669.0	453.0	
REC: 3358	119.0	788.0	-669.0	453.0	
REC: 3358	119.0	788.0	-669.0	453.0	
REC: 3358	119.0	788.0	-669.0	453.0	
REC: 3358	119.0	788.0	-669.0	453.0	
REC: 3358	119.0	788.0	-669.0	453.0	
REC: 3358	119.0	788.0	-669.0	453.0	
REC: 3358	119.0	788.0	-669.0	453.0	
REC: 3358	119.0	788.0	-669.0	453.0	
REC: 3358	119.0	788.0	-669.0	453.0	
REC: 3359	119.0	788.0	-669.0	453.0	
REC: 3359	119.0	788.0	-669.0	453.0	
REC: 3359	119.0	788.0	-669.0	453.0	
REC: 3359	119.0	788.0	-669.0	453.0	
REC: 3359	119.0	788.0	-669.0	453.0	
REC: 3359	119.0	788.0	-669.0	453.0	
REC: 3359	119.0	788.0	-669.0	453.0	
REC: 3359	119.0	788.0	-669.0	453.0	
REC: 3359	119.0	788.0	-669.0	453.0	
REC: 3359	119.0	788.0	-669.0	453.0	
REC: 3359	119.0	788.0	-669.0	453.0	
REC: 3359	119.0	788.0	-669.0	453.0	
REC: 3359	119.0	788.0	-669.0	453.0	
REC: 3359	119.0	788.0	-669.0	453.0	
REC: 3359	119.0	788.0	-669.0	453.0	
REC: 3359	119.0	788.0	-669.0	453.0	
REC: 3359	119.0	788.0	-669.0	453.0	
REC: 3359	119.0	788.0	-669.0	453.0	
REC: 3359	119.0	788.0	-669.0	453.0	
REC: 3359	119.0	788.0	-669.0	453.0	
REC: 3359	119.0	788.0	-669.0	453.0	
REC: 3359	119.0	788.0	-669.0	453.0	
REC: 3359	119.0	788.0	-669.0	453.0	
REC: 3359	119.0	788.0	-669.0	453.0	
REC: 3359	119.0	788.0	-669.0	453.0	
REC: 3359	119.0	788.0	-669.0	453.0	
REC: 3359	119.0	788.0	-669.0	453.0	
REC: 3359	119.0	788.0	-669.0	453.0	
REC: 3359	119.0	788.0	-669.0	453.0	
REC: 3359	119.0	788.0	-669.0	453.0	
REC: 3359	119.0	788.0	-669.0	453.0	
REC: 3359	119.0	788.0	-669.0	453.0	
REC: 3359	119.0	788.0	-669.0	453.0	
REC: 3359	119.0	788.0	-669.0	453.0	
REC: 3359	119.0	788.0	-669.0	453.0	
REC: 3359	119.0	788.0	-669.0	453.0	
REC: 3359	119.0	788.0	-669.0	453.0	
REC: 3359	119.0	788.0	-669.0	453.0	
REC: 3359	119.0	788.0	-669.0	453.0	
REC: 3359	119.0	788.0	-669.0	453.0	
REC: 3359	119.0	788.0	-669.0	453.0	
REC: 3359	119.0	788.0	-669.0	453.0	
REC: 3359	119.0	788.0	-669.0	453.0	
REC: 3359	119.0	788.0	-669.0	453.0	
REC: 3359	119.0	788.0	-669.0	453.0	
REC: 3359	119.0	788.0	-669.0	453.0	
REC: 3359	119.0	788.0	-669.0	453.0	
REC: 3359	119.0	788.0	-669.0	453.0	
REC: 3359	119.0	788.0	-669.0	453.0	
REC: 3359	119.0	788.0	-669.0	453.0	
REC: 3359	119.0	788.0	-669.0	453.0	
REC: 3359	119.0	788.0	-669.0	453.0	
REC: 3359	119.0	788.0	-669.0	453.0	
REC: 3359	119.0	788.0	-669.0	453.0	
REC: 3359	119.0	788.0	-669.0	453.0	
REC: 3359	119.0	788.0	-669.0	453.0	
REC: 3359	119.0	788.0	-669.0	453.0	
REC: 3359	119.0	788.0	-669.0	453.0	
REC: 3359	119.0	788.0	-669.0	453.0	
REC: 3417	87.0	792.0	-705.0	439.0	
REC: 3418	87.0	792.0	-705.0	439.0	
REC: 3418	87.0	792.0	-705.0	439.0	
REC: 3418	87.0	792.0	-705.0	439.0	
REC: 3418	87.0	792.0	-705.0	439.0	
REC: 3418	87.0	792.0	-705.0	439.0	
REC: 3418	87.0	792.0	-705.0	439.0	
REC: 3418	87.0	792.0	-705.0	439.0	
REC: 3418	87.0	792.0	-705.0	439.0	
REC: 3418	87.0	792.0	-705.0	439.0	
REC: 3418	87.0	792.0	-705.0	439.0	
REC: 3418	87.0	792.0	-705.0	439.0	
REC: 3418	87.0	792.0	-705.0	439.0	
REC: 3418	87.0	792.0	-705.0	439.0	
REC: 3418	87.0	792.0	-705.0	439.0	
REC: 3418	87.0	792.0	-705.0	439.0	
REC: 3418	87.0	792.0	-705.0	439.0	
REC: 3418	87.0	792.0	-705.0	439.0	
REC: 3418	87.0	792.0	-705.0	439.0	
REC: 3418	87.0	792.0	-705.0	439.0	
REC: 3418	87.0	792.0	-705.0	439.0	
REC: 3418	87.0	792.0	-705.0	439.0	
REC: 3418	87.0	792.0	-705.0	439.0	
REC: 3418	87.0	792.0	-705.0	439.0	
REC: 3418	87.0	792.0	-705.0	439.0	
REC: 3418	87.0	792.0	-705.0	439.0	
REC: 3418	87.0	792.0	-705.0	439.0	
REC: 3418	87.0	792.0	-705.0	439.0	
REC: 3418	87.0	792.0	-705.0	439.0	
REC: 3418	87.0	792.0	-705.0	439.0	
REC: 3418	87.0	792.0	-705.0	439.0	
REC: 3418	87.0	792.0	-705.0	439.0	
REC: 3418	87.0	792.0	-705.0	439.0	
REC: 3418	87.0	792.0	-705.0	439.0	
REC: 3418	87.0	792.0	-705.0	439.0	
REC: 3418	87.0	792.0	-705.0	439.0	
REC: 3418	87.0	792.0	-705.0	439.0	
REC: 3418	87.0	792.0	-705.0	439.0	
REC: 3418	87.0	792.0	-705.0	439.0	
REC: 3418	87.0	792.0	-705.0	439.0	
REC: 3418	87.0	792.0	-705.0	439.0	
REC: 3418	87.0	792.0	-705.0	439.0	
REC: 3418	87.0	792.0	-705.0	439.0	
REC: 3418	87.0	792.0	-705.0	439.0	
REC: 3418	87.0	792.0	-705.0	439.0	
REC: 3418	87.0	792.0	-705.0	439.0	
REC: 3418	87.0	792.0	-705.0	439.0	
REC: 3418	87.0	792.0	-705.0	439.0	
REC: 3418	87.0	792.0	-705.0	439.0	
REC: 3418	87.0	792.0	-705.0	439.0	
REC: 3418	87.0	792.0	-705.0	439.0	
REC: 3418	87.0	792.0	-705.0	439.0	
REC: 3418	87.0	792.0	-705.0	439.0	
REC: 3418	87.0	792.0	-705.0	439.0	
REC: 3418	87.0	792.0	-705.0	439.0	
REC: 3418	87.0	792.0	-705.0	439.0	
REC: 3418	87.0	792.0	-705.0	439.0	
REC: 3418	87.0	792.0	-705.0	439.0	
REC: 3418	87.0	792.0	-705.0	439.0	
REC: 3418	87.0	792.0	-705.0	439.0	
REC: 3418	87.0	792.0	-705.0	439.0	
REC: 3418	87.0	792.0	-705.0	439.0	
REC: 3418	87.0	792.0	-705.0	439.0	
REC: 3418	87.0	792.0	-705.0	439.0	
REC: 3418	87.0	792.0	-705.0	439.0	
REC: 3418	87.0	792.0	-705.0	439.0	
REC: 3418	87.0	792.0	-705.0	439.0	
REC: 3418	87.0	792.0	-705.0	439.0	
REC: 3418	87.0	792.0	-705.0	439.0	
REC: 3418	87.0	792.0	-705.0	439.0	
REC: 3418	87.0	792.0	-705.0	439.0	
REC: 3418	87.0	792.0	-705.0	439.0	
REC: 3418	87.0	792.0	-705.0	439.0	
REC: 3419	87.0	792.0	-705.0	439.0	
REC: 3419	87.0	792.0	-705.0	439.0	
REC: 3419	87.0	792.0	-705.0	439.0	
REC: 3419	87.0	792.0	-705.0	439.0	
REC: 3419	87.0	792.0	-705.0	439.0	
REC: 3419	87.0	792.0	-705.0	439.0	
REC: 3419	87.0	792.0	-705.0	439.0	
REC: 3419	87.0	792.0	-705.0	439.0	
REC: 3419	87.0	792.0	-705.0	439.0	
REC: 3419	87.0	792.0	-705.0	439.0	
REC: 3419	87.0	792.0	-705.0	439.0	
REC: 3419	87.0	792.0	-705.0	439.0	
REC: 3419	87.0	792.0	-705.0	439.0	
REC: 3419	87.0	792.0	-705.0	439.0	
REC: 3419	87.0	792.0	-705.0	439.0	
REC: 3419	87.0	792.0	-705.0	439.0	
REC: 3419	87.0	792.0	-705.0	439.0	
REC: 3419	87.0	792.0	-705.0	439.0	
REC: 3419	87.0	792.0	-705.0	439.0	
REC: 3419	87.0	792.0	-705.0	439.0	
REC: 3419	87.0	792.0	-705.0	439.0	
REC: 3419	87.0	792.0	-705.0	439.0	
REC: 3419	87.0	792.0	-705.0	439.0	
REC: 3419	87.0	792.0	-705.0	439.0	
REC: 3419	87.0	792.0	-705.0	439.0	
REC: 3419	87.0	792.0	-705.0	439.0	
REC: 3419	87.0	792.0	-705.0	439.0	
REC: 3465	74.0	793.0	-719.0	433.0	
REC: 3465	74.0	793.0	-719.0	433.0	
REC: 3465	74.0	793.0	-719.0	433.0	
REC: 3465	74.0	793.0	-719.0	433.0	
REC: 3465	74.0	793.0	-719.0	433.0	
REC: 3465	74.0	793.0	-719.0	433.0	
REC: 3465	74.0	793.0	-719.0	433.0	
REC: 3465	74.0	793.0	-719.0	433.0	
REC: 3465	74.0	793.0	-719.0	433.0	
REC: 3465	74.0	793.0	-719.0	433.0	
REC: 3465	74.0	793.0	-719.0	433.0	
REC: 3465	74.0	793.0	-719.0	433.0	
REC: 3465	74.0	793.0	-719.0	433.0	
REC: 3465	74.0	793.0	-719.0	433.0	
REC: 3465	74.0	793.0	-719.0	433.0	
REC: 3465	74.0	793.0	-719.0	433.0	
REC: 3465	74.0	793.0	-719.0	433.0	
REC: 3465	74.0	793.0	-719.0	433.0	
REC: 3465	74.0	793.0	-719.0	433.0	
REC: 3465	74.0	793.0	-719.0	433.0	
REC: 3465	74.0	793.0	-719.0	433.0	
REC: 3465	74.0	793.0	-719.0	433.0	
REC: 3465	74.0	793.0	-719.0	433.0	
REC: 3465	74.0	793.0	-719.0	433.0	
REC: 3465	74.0	793.0	-719.0	433.0	
REC: 3465	74.0	793.0	-719.0	433.0	
REC: 3465	74.0	793.0	-719.0	433.0	
REC: 3465	74.0	793.0	-719.0	433.0	
REC: 3465	74.0	793.0	-719.0	433.0	
REC: 3465	74.0	793.0	-719.0	433.0	
REC: 3465	74.0	793.0	-719.0	433.0	
REC: 3465	74.0	793.0	-719.0	433.0	
REC: 3465	74.0	793.0	-719.0	433.0	
REC: 3465	74.0	793.0	-719.0	433.0	
REC: 3465	74.0	793.0	-719.0	433.0	
REC: 3465	74.0	793.0	-719.0	433.0	
REC: 3465	74.0	793.0	-719.0	433.0	
REC: 3465	74.0	793.0	-719.0	433.0	
REC: 3465	74.0	793.0	-719.0	433.0	
REC: 3465	74.0	793.0	-719.0	433.0	
REC: 3465	74.0	793.0	-719.0	433.0	
REC: 3465	74.0	793.0	-719.0	433.0	
REC: 3465	74.0	793.0	-719.0	433.0	
REC: 3465	74.0	793.0	-719.0	433.0	
REC: 3465	74.0	793.0	-719.0	433.0	
REC: 3465	74.0	793.0	-719.0	433.0	
REC: 3465	74.0	793.0	-719.0	433.0	
REC: 3465	74.0	793.0	-719.0	433.0	
REC: 3465	74.0	793.0	-719.0	433.0	
REC: 3465	74.0	793.0	-719.0	433.0	
REC: 3465	74.0	793.0	-719.0	433.0	
REC: 3465	74.0	793.0	-719.0	433.0	
REC: 3465	74.0	793.0	-719.0	433.0	
REC: 3465	74.0	793.0	-719.0	433.0	
REC: 3465	74.0	793.0	-719.0	433.0	
REC: 3465	74.0	793.0	-719.0	433.0	
REC: 3465	74.0	793.0	-719.0	433.0	
REC: 3466	74.0	793.0	-719.0	433.0	
REC: 3466	74.0	793.0	-719.0	433.0	
REC: 3466	74.0	793.0	-719.0	433.0	
REC: 3466	74.0	793.0	-719.0	433.0	
REC: 3466	74.0	793.0	-719.0	433.0	
REC: 3466	74.0	793.0	-719.0	433.0	
REC: 3466	74.0	793.0	-719.0	433.0	
REC: 3466	74.0	793.0	-719.0	433.0	
REC: 3466	74.0	793.0	-719.0	433.0	
REC: 3466	74.0	793.0	-719.0	433.0	
REC: 3466	74.0	793.0	-719.0	433.0	
REC: 3466	74.0	793.0	-719.0	433.0	
REC: 3466	74.0	793.0	-719.0	433.0	
REC: 3466	74.0	793.0	-719.0	433.0	
REC: 3466	74.0	793.0	-719.0	433.0	
REC: 3466	74.0	793.0	-719.0	433.0	
REC: 3466	74.0	793.0	-719.0	433.0	
REC: 3466	74.0	793.0	-719.0	433.0	
REC: 3466	74.0	793.0	-719.0	433.0	
REC: 3466	74.0	793.0	-719.0	433.0	
REC: 3466	74.0	793.0	-719.0	433.0	
REC: 3466	74.0	793.0	-719.0	433.0	
REC: 3466	74.0	793.0	-719.0	433.0	
REC: 3466	74.0	793.0	-719.0	433.0	
REC: 3466	74.0	793.0	-719.0	433.0	
REC: 3466	74.0	793.0	-719.0	433.0	
REC: 3466	74.0	793.0	-719.0	433.0	
REC: 3466	74.0	793.0	-719.0	433.0	
REC: 3466	74.0	793.0	-719.0	433.0	
REC: 3466	74.0	793.0	-719.0	433.0	
REC: 3466	74.0	793.0	-719.0	433.0	
REC: 3466	74.0	793.0	-719.0	433.0	
REC: 3466	74.0	793.0	-719.0	433.0	
REC: 3466	74.0	793.0	-719.0	433.0	
REC: 3466	74.0	793.0	-719.0	433.0	
REC: 3466	74.0	793.0	-719.0	433.0	
REC: 3466	74.0	793.0	-719.0	433.0	
REC: 3466	74.0	793.0	-719.0	433.0	
REC: 3466	74.0	793.0	-719.0	433.0	
REC: 3466	74.0	793.0	-719.0	433.0	
REC: 3466	74.0	793.0	-719.0	433.0	
REC: 3466	74.0	793.0	-719.0	433.0	
REC: 3466	74.0	793.0	-719.0	433.0	
REC: 3504	55.0	796.0	-741.0	425.0	
REC: 3505	55.0	796.0	-741.0	425.0	
REC: 3505	55.0	796.0	-741.0	425.0	
REC: 3505	55.0	796.0	-741.0	425.0	
REC: 3505	55.0	796.0	-741.0	425.0	
REC: 3505	55.0	796.0	-741.0	425.0	
REC: 3505	55.0	796.0	-741.0	425.0	
REC: 3505	55.0	796.0	-741.0	425.0	
REC: 3505	55.0	796.0	-741.0	425.0	
REC: 3505	55.0	796.0	-741.0	425.0	
REC: 3505	55.0	796.0	-741.0	425.0	
REC: 3505	55.0	796.0	-741.0	425.0	
REC: 3505	55.0	796.0	-741.0	425.0	
REC: 3505	55.0	796.0	-741.0	425.0	
REC: 3505	55.0	796.0	-741.0	425.0	
REC: 3505	55.0	796.0	-741.0	425.0	
REC: 3505	55.0	796.0	-741.0	425.0	
REC: 3505	55.0	796.0	-741.0	425.0	
REC: 3505	55.0	796.0	-741.0	425.0	
REC: 3505	55.0	796.0	-741.0	425.0	
REC: 3505	55.0	796.0	-741.0	425.0	
REC: 3505	55.0	796.0	-741.0	425.0	
REC: 3505	55.0	796.0	-741.0	425.0	
REC: 3505	55.0	796.0	-741.0	425.0	
REC: 3505	55.0	796.0	-741.0	425.0	
REC: 3505	55.0	796.0	-741.0	425.0	
REC: 3505	55.0	796.0	-741.0	425.0	
REC: 3505	55.0	796.0	-741.0	425.0	
REC: 3505	55.0	796.0	-741.0	425.0	
REC: 3505	55.0	796.0	-741.0	425.0	
REC: 3505	55.0	796.0	-741.0	425.0	
REC: 3505	55.0	796.0	-741.0	425.0	
REC: 3505	55.0	796.0	-741.0	425.0	
REC: 3505	55.0	796.0	-741.0	425.0	
REC: 3505	55.0	796.0	-741.0	425.0	
REC: 3505	55.0	796.0	-741.0	425.0	
REC: 3505	55.0	796.0	-741.0	425.0	
REC: 3505	55.0	796.0	-741.0	425.0	
REC: 3505	55.0	796.0	-741.0	425.0	
REC: 3505	55.0	796.0	-741.0	425.0	
REC: 3505	55.0	796.0	-741.0	425.0	
REC: 3505	55.0	796.0	-741.0	425.0	
REC: 3505	55.0	796.0	-741.0	425.0	
REC: 3505	55.0	796.0	-741.0	425.0	
REC: 3505	55.0	796.0	-741.0	425.0	
REC: 3505	55.0	796.0	-741.0	425.0	
REC: 3505	55.0	796.0	-741.0	425.0	
REC: 3505	55.0	796.0	-741.0	425.0	
REC: 3505	55.0	796.0	-741.0	425.0	
REC: 3505	55.0	796.0	-741.0	425.0	
REC: 3505	55.0	796.0	-741.0	425.0	
REC: 3505	55.0	796.0	-741.0	425.0	
REC: 3505	55.0	796.0	-741.0	425.0	
REC: 3505	55.0	796.0	-741.0	425.0	
REC: 3505	55.0	796.0	-741.0	425.0	
REC: 3505	55.0	796.0	-741.0	425.0	
REC: 3505	55.0	796.0	-741.0	425.0	
REC: 3505	55.0	796.0	-741.0	425.0	
REC: 3505	55.0	796.0	-741.0	425.0	
REC: 3505	55.0	796.0	-741.0	425.0	
REC: 3505	55.0	796.0	-741.0	425.0	
REC: 3505	55.0	796.0	-741.0	425.0	
REC: 3505	55.0	796.0	-741.0	425.0	
REC: 3505	55.0	796.0	-741.0	425.0	
REC: 3505	55.0	796.0	-741.0	425.0	
REC: 3505	55.0	796.0	-741.0	425.0	
REC: 3505	55.0	796.0	-741.0	425.0	
REC: 3505	55.0	796.0	-741.0	425.0	
REC: 3505	55.0	796.0	-741.0	425.0	
REC: 3505	55.0	796.0	-741.0	425.0	
REC: 3505	55.0	796.0	-741.0	425.0	
REC: 3505	55.0	796.0	-741.0	425.0	
REC: 3505	55.0	796.0	-741.0	425.0	
REC: 3505	55.0	796.0	-741.0	425.0	
REC: 3505	55.0	796.0	-741.0	425.0	
REC: 3505	55.0	796.0	-741.0	425.0	
REC: 3505	55.0	796.0	-741.0	425.0	
REC: 3505	55.0	796.0	-741.0	425.0	
REC: 3505	55.0	796.0	-741.0	425.0	
REC: 3505	55.0	796.0	-741.0	425.0	
REC: 3505	55.0	796.0	-741.0	425.0	
REC: 3505	55.0	796.0	-741.0	425.0	
REC: 3505	55.0	796.0	-741.0	425.0	
REC: 3505	55.0	796.0	-741.0	425.0	
REC: 3505	55.0	796.0	-741.0	425.0	
REC: 3505	55.0	796.0	-741.0	425.0	
REC: 3505	55.0	796.0	-741.0	425.0	
REC: 3505	55.0	796.0	-741.0	425.0	
REC: 3505	55.0	796.0	-741.0	425.0	
REC: 3505	55.0	796.0	-741.0	425.0	
REC: 3505	55.0	796.0	-741.0	425.0	
REC: 3505	55.0	796.0	-741.0	425.0	
REC: 3505	55.0	796.0	-741.0	425.0	
REC: 3505	55.0	796.0	-741.0	425.0	
REC: 3505	55.0	796.0	-741.0	425.0	
REC: 3505	55.0	796.0	-741.0	425.0	
REC: 3505	55.0	796.0	-741.0	425.0	
REC: 3505	55.0	796.0	-741.0	425.0	
REC: 3505	55.0	796.0	-741.0	425.0	
REC: 3506	55.0	796.0	-741.0	425.0	
REC: 3544	50.0	798.0	-748.0	424.0	
REC: 3544	50.0	798.0	-748.0	424.0	
REC: 3544	50.0	798.0	-748.0	424.0	
REC: 3544	50.0	798.0	-748.0	424.0	
REC: 3544	50.0	798.0	-748.0	424.0	
REC: 3544	50.0	798.0	-748.0	424.0	
REC: 3544	50.0	798.0	-748.0	424.0	
REC: 3544	50.0	798.0	-748.0	424.0	
REC: 3544	50.0	798.0	-748.0	424.0	
REC: 3544	50.0	798.0	-748.0	424.0	
REC: 3544	50.0	798.0	-748.0	424.0	
REC: 3544	50.0	798.0	-748.0	424.0	
REC: 3544	50.0	798.0	-748.0	424.0	
REC: 3544	50.0	798.0	-748.0	424.0	
REC: 3544	50.0	798.0	-748.0	424.0	
REC: 3544	50.0	798.0	-748.0	424.0	
REC: 3544	50.0	798.0	-748.0	424.0	
REC: 3544	50.0	798.0	-748.0	424.0	
REC: 3544	50.0	798.0	-748.0	424.0	
REC: 3544	50.0	798.0	-748.0	424.0	
REC: 3544	50.0	798.0	-748.0	424.0	
REC: 3544	50.0	798.0	-748.0	424.0	
REC: 3544	50.0	798.0	-748.0	424.0	
REC: 3544	50.0	798.0	-748.0	424.0	
REC: 3544	50.0	798.0	-748.0	424.0	
REC: 3544	50.0	798.0	-748.0	424.0	
REC: 3544	50.0	798.0	-748.0	424.0	
REC: 3544	50.0	798.0	-748.0	424.0	
REC: 3544	50.0	798.0	-748.0	424.0	
REC: 3544	50.0	798.0	-748.0	424.0	
REC: 3544	50.0	798.0	-748.0	424.0	
REC: 3544	50.0	798.0	-748.0	424.0	
REC: 3544	50.0	798.0	-748.0	424.0	
REC: 3544	50.0	798.0	-748.0	424.0	
REC: 3544	50.0	798.0	-748.0	424.0	
REC: 3544	50.0	798.0	-748.0	424.0	
REC: 3544	50.0	798.0	-748.0	424.0	
REC: 3544	50.0	798.0	-748.0	424.0	
REC: 3544	50.0	798.0	-748.0	424.0	
REC: 3544	50.0	798.0	-748.0	424.0	
REC: 3544	50.0	798.0	-748.0	424.0	
REC: 3544	50.0	798.0	-748.0	424.0	
REC: 3544	50.0	798.0	-748.0	424.0	
REC: 3544	50.0	798.0	-748.0	424.0	
REC: 3544	50.0	798.0	-748.0	424.0	
REC: 3545	50.0	798.0	-748.0	424.0	
REC: 3545	50.0	798.0	-748.0	424.0	
REC: 3545	50.0	798.0	-748.0	424.0	
REC: 3545	50.0	798.0	-748.0	424.0	
REC: 3545	50.0	798.0	-748.0	424.0	
REC: 3545	50.0	798.0	-748.0	424.0	
REC: 3545	50.0	798.0	-748.0	424.0	
REC: 3545	50.0	798.0	-748.0	424.0	
REC: 3545	50.0	798.0	-748.0	424.0	
REC: 3545	50.0	798.0	-748.0	424.0	
REC: 3545	50.0	798.0	-748.0	424.0	
REC: 3545	50.0	798.0	-748.0	424.0	
REC: 3545	50.0	798.0	-748.0	424.0	
REC: 3545	50.0	798.0	-748.0	424.0	
REC: 3545	50.0	798.0	-748.0	424.0	
REC: 3545	50.0	798.0	-748.0	424.0	
REC: 3545	50.0	798.0	-748.0	424.0	
REC: 3545	50.0	798.0	-748.0	424.0	
REC: 3545	50.0	798.0	-748.0	424.0	
REC: 3545	50.0	798.0	-748.0	424.0	
REC: 3545	50.0	798.0	-748.0	424.0	
REC: 3545	50.0	798.0	-748.0	424.0	
REC: 3545	50.0	798.0	-748.0	424.0	
REC: 3545	50.0	798.0	-748.0	424.0	
REC: 3545	50.0	798.0	-748.0	424.0	
REC: 3545	50.0	798.0	-748.0	424.0	
REC: 3545	50.0	798.0	-748.0	424.0	
REC: 3545	50.0	798.0	-748.0	424.0	
REC: 3545	50.0	798.0	-748.0	424.0	
REC: 3545	50.0	798.0	-748.0	424.0	
REC: 3545	50.0	798.0	-748.0	424.0	
REC: 3545	50.0	798.0	-748.0	424.0	
REC: 3545	50.0	798.0	-748.0	424.0	
REC: 3545	50.0	798.0	-748.0	424.0	
REC: 3545	50.0	798.0	-748.0	424.0	
REC: 3545	50.0	798.0	-748.0	424.0	
REC: 3545	50.0	798.0	-748.0	424.0	
REC: 3545	50.0	798.0	-748.0	424.0	
REC: 3545	50.0	798.0	-748.0	424.0	
REC: 3545	50.0	798.0	-748.0	424.0	
REC: 3545	50.0	798.0	-748.0	424.0	
REC: 3545	50.0	798.0	-748.0	424.0	
REC: 3545	50.0	798.0	-748.0	424.0	
REC: 3545	50.0	798.0	-748.0	424.0	
REC: 3545	50.0	798.0	-748.0	424.0	
REC: 3545	50.0	798.0	-748.0	424.0	
REC: 3545	50.0	798.0	-748.0	424.0	
REC: 3545	50.0	798.0	-748.0	424.0	
REC: 3545	50.0	798.0	-748.0	424.0	
REC: 3545	50.0	798.0	-748.0	424.0	
REC: 3545	50.0	798.0	-748.0	424.0	
REC: 3545	50.0	798.0	-748.0	424.0	
REC: 3545	50.0	798.0	-748.0	424.0	
REC: 3545	50.0	798.0	-748.0	424.0	
REC: 3545	50.0	798.0	-748.0	424.0	
REC: 3583	46.0	798.0	-752.0	422.0	
REC: 3583	46.0	798.0	-752.0	422.0	
REC: 3583	46.0	798.0	-752.0	422.0	
REC: 3583	46.0	798.0	-752.0	422.0	
REC: 3583	46.0	798.0	-752.0	422.0	
REC: 3583	46.0	798.0	-752.0	422.0	
REC: 3583	46.0	798.0	-752.0	422.0	
REC: 3583	46.0	798.0	-752.0	422.0	
REC: 3583	46.0	798.0	-752.0	422.0	
REC: 3583	46.0	798.0	-752.0	422.0	
REC: 3583	46.0	798.0	-752.0	422.0	
REC: 3583	46.0	798.0	-752.0	422.0	
REC: 3583	46.0	798.0	-752.0	422.0	
REC: 3583	46.0	798.0	-752.0	422.0	
REC: 3583	46.0	798.0	-752.0	422.0	
REC: 3583	46.0	798.0	-752.0	422.0	
REC: 3583	46.0	798.0	-752.0	422.0	
REC: 3583	46.0	798.0	-752.0	422.0	
REC: 3583	46.0	798.0	-752.0	422.0	
REC: 3583	46.0	798.0	-752.0	422.0	
REC: 3583	46.0	798.0	-752.0	422.0	
REC: 3583	46.0	798.0	-752.0	422.0	
REC: 3583	46.0	798.0	-752.0	422.0	
REC: 3583	46.0	798.0	-752.0	422.0	
REC: 3583	46.0	798.0	-752.0	422.0	
REC: 3583	46.0	798.0	-752.0	422.0	
REC: 3583	46.0	798.0	-752.0	422.0	
REC: 3583	46.0	798.0	-752.0	422.0	
REC: 3583	46.0	798.0	-752.0	422.0	
REC: 3583	46.0	798.0	-752.0	422.0	
REC: 3583	46.0	798.0	-752.0	422.0	
REC: 3583	46.0	798.0	-752.0	422.0	
REC: 3583	46.0	798.0	-752.0	422.0	
REC: 3583	46.0	798.0	-752.0	422.0	
REC: 3583	46.0	798.0	-752.0	422.0	
REC: 3583	46.0	798.0	-752.0	422.0	
REC: 3583	46.0	798.0	-752.0	422.0	
REC: 3583	46.0	798.0	-752.0	422.0	
REC: 3583	46.0	798.0	-752.0	422.0	
REC: 3583	46.0	798.0	-752.0	422.0	
REC: 3583	46.0	798.0	-752.0	422.0	
REC: 3583	46.0	798.0	-752.0	422.0	
REC: 3583	46.0	798.0	-752.0	422.0	
REC: 3583	46.0	798.0	-752.0	422.0	
REC: 3583	46.0	798.0	-752.0	422.0	
REC: 3583	46.0	798.0	-752.0	422.0	
REC: 3583	46.0	798.0	-752.0	422.0	
REC: 3583	46.0	798.0	-752.0	422.0	
REC: 3583	46.0	798.0	-752.0	422.0	
REC: 3583	46.0	798.0	-752.0	422.0	
REC: 3583	46.0	798.0	-752.0	422.0	
REC: 3583	46.0	798.0	-752.0	422.0	
REC: 3583	46.0	798.0	-752.0	422.0	
REC: 3583	46.0	798.0	-752.0	422.0	
REC: 3583	46.0	798.0	-752.0	422.0	
REC: 3583	46.0	798.0	-752.0	422.0	
REC: 3583	46.0	798.0	-752.0	422.0	
REC: 3583	46.0	798.0	-752.0	422.0	
REC: 3583	46.0	798.0	-752.0	422.0	
REC: 3583	46.0	798.0	-752.0	422.0	
REC: 3583	46.0	798.0	-752.0	422.0	
REC: 3583	46.0	798.0	-752.0	422.0	
REC: 3583	46.0	798.0	-752.0	422.0	
REC: 3583	46.0	798.0	-752.0	422.0	
REC: 3583	46.0	798.0	-752.0	422.0	
REC: 3583	46.0	798.0	-752.0	422.0	
REC: 3583	46.0	798.0	-752.0	422.0	
REC: 3583	46.0	798.0	-752.0	422.0	
REC: 3583	46.0	798.0	-752.0	422.0	
REC: 3583	46.0	798.0	-752.0	422.0	
REC: 3583	46.0	798.0	-752.0	422.0	
REC: 3583	46.0	798.0	-752.0	422.0	
REC: 3583	46.0	798.0	-752.0	422.0	
REC: 3583	46.0	798.0	-752.0	422.0	
REC: 3583	46.0	798.0	-752.0	422.0	
REC: 3583	46.0	798.0	-752.0	422.0	
REC: 3583	46.0	798.0	-752.0	422.0	
REC: 3583	46.0	798.0	-752.0	422.0	
REC: 3583	46.0	798.0	-752.0	422.0	
REC: 3583	46.0	798.0	-752.0	422.0	
REC: 3583	46.0	798.0	-752.0	422.0	
REC: 3583	46.0	798.0	-752.0	422.0	
REC: 3583	46.0	798.0	-752.0	422.0	
REC: 3583	46.0	798.0	-752.0	422.0	
REC: 3583	46.0	798.0	-752.0	422.0	
REC: 3583	46.0	798.0	-752.0	422.0	
REC: 3583	46.0	798.0	-752.0	422.0	
REC: 3583	46.0	798.0	-752.0	422.0	
REC: 3583	46.0	798.0	-752.0	422.0	
REC: 3583	46.0	798.0	-752.0	422.0	
REC: 3584	46.0	798.0	-752.0	422.0	
REC: 3584	46.0	798.0	-752.0	422.0	
REC: 3584	46.0	798.0	-752.0	422.0	
REC: 3584	46.0	798.0	-752.0	422.0	
REC: 3584	46.0	798.0	-752.0	422.0	
REC: 3584	46.0	798.0	-752.0	422.0	
REC: 3584	46.0	798.0	-752.0	422.0	
REC: 3584	46.0	798.0	-752.0	422.0	
REC: 3584	46.0	798.0	-752.0	422.0	
REC: 3584	46.0	798.0	-752.0	422.0	
REC: 3621	32.0	799.0	-767.0	415.0	
REC: 3621	32.0	799.0	-767.0	415.0	
REC: 3621	32.0	799.0	-767.0	415.0	
REC: 3621	32.0	799.0	-767.0	415.0	
REC: 3621	32.0	799.0	-767.0	415.0	
REC: 3621	32.0	799.0	-767.0	415.0	
REC: 3621	32.0	799.0	-767.0	415.0	
REC: 3621	32.0	799.0	-767.0	415.0	
REC: 3621	32.0	799.0	-767.0	415.0	
REC: 3621	32.0	799.0	-767.0	415.0	
REC: 3621	32.0	799.0	-767.0	415.0	
REC: 3621	32.0	799.0	-767.0	415.0	
REC: 3621	32.0	799.0	-767.0	415.0	
REC: 3621	32.0	799.0	-767.0	415.0	
REC: 3621	32.0	799.0	-767.0	415.0	
REC: 3621	32.0	799.0	-767.0	415.0	
REC: 3621	32.0	799.0	-767.0	415.0	
REC: 3621	32.0	799.0	-767.0	415.0	
REC: 3621	32.0	799.0	-767.0	415.0	
REC: 3621	32.0	799.0	-767.0	415.0	
REC: 3621	32.0	799.0	-767.0	415.0	
REC: 3621	32.0	799.0	-767.0	415.0	
REC: 3621	32.0	799.0	-767.0	415.0	
REC: 3621	32.0	799.0	-767.0	415.0	
REC: 3621	32.0	799.0	-767.0	415.0	
REC: 3621	32.0	799.0	-767.0	415.0	
REC: 3621	32.0	799.0	-767.0	415.0	
REC: 3621	32.0	799.0	-767.0	415.0	
REC: 3621	32.0	799.0	-767.0	415.0	
REC: 3621	32.0	799.0	-767.0	415.0	
REC: 3621	32.0	799.0	-767.0	415.0	
REC: 3621	32.0	799.0	-767.0	415.0	
REC: 3621	32.0	799.0	-767.0	415.0	
REC: 3621	32.0	799.0	-767.0	415.0	
REC: 3621	32.0	799.0	-767.0	415.0	
REC: 3621	32.0	799.0	-767.0	415.0	
REC: 3621	32.0	799.0	-767.0	415.0	
REC: 3621	32.0	799.0	-767.0	415.0	
REC: 3621	32.0	799.0	-767.0	415.0	
REC: 3621	32.0	799.0	-767.0	415.0	
REC: 3621	32.0	799.0	-767.0	415.0	
REC: 3621	32.0	799.0	-767.0	415.0	
REC: 3621	32.0	799.0	-767.0	415.0	
REC: 3621	32.0	799.0	-767.0	415.0	
REC: 3621	32.0	799.0	-767.0	415.0	
REC: 3621	32.0	799.0	-767.0	415.0	
REC: 3621	32.0	799.0	-767.0	415.0	
REC: 3621	32.0	799.0	-767.0	415.0	
REC: 3621	32.0	799.0	-767.0	415.0	
REC: 3621	32.0	799.0	-767.0	415.0	
REC: 3621	32.0	799.0	-767.0	415.0	
REC: 3621	32.0	799.0	-767.0	415.0	
REC: 3621	32.0	799.0	-767.0	415.0	
REC: 3621	32.0	799.0	-767.0	415.0	
REC: 3621	32.0	799.0	-767.0	415.0	
REC: 3621	32.0	799.0	-767.0	415.0	
REC: 3621	32.0	799.0	-767.0	415.0	
REC: 3621	32.0	799.0	-767.0	415.0	
REC: 3621	32.0	799.0	-767.0	415.0	
REC: 3621	32.0	799.0	-767.0	415.0	
REC: 3621	32.0	799.0	-767.0	415.0	
REC: 3621	32.0	799.0	-767.0	415.0	
REC: 3621	32.0	799.0	-767.0	415.0	
REC: 3621	32.0	799.0	-767.0	415.0	
REC: 3621	32.0	799.0	-767.0	415.0	
REC: 3621	32.0	799.0	-767.0	415.0	
REC: 3621	32.0	799.0	-767.0	415.0	
REC: 3621	32.0	799.0	-767.0	415.0	
REC: 3621	32.0	799.0	-767.0	415.0	
REC: 3621	32.0	799.0	-767.0	415.0	
REC: 3621	32.0	799.0	-767.0	415.0	
REC: 3621	32.0	799.0	-767.0	415.0	
REC: 3621	32.0	799.0	-767.0	415.0	
REC: 3621	32.0	799.0	-767.0	415.0	
REC: 3621	32.0	799.0	-767.0	415.0	
REC: 3621	32.0	799.0	-767.0	415.0	
REC: 3621	32.0	799.0	-767.0	415.0	
REC: 3621	32.0	799.0	-767.0	415.0	
REC: 3621	32.0	799.0	-767.0	415.0	
REC: 3621	32.0	799.0	-767.0	415.0	
REC: 3621	32.0	799.0	-767.0	415.0	
REC: 3621	32.0	799.0	-767.0	415.0	
REC: 3621	32.0	799.0	-767.0	415.0	
REC: 3621	32.0	799.0	-767.0	415.0	
REC: 3621	32.0	799.0	-767.0	415.0	
REC: 3621	32.0	799.0	-767.0	415.0	
REC: 3622	32.0	799.0	-767.0	415.0	
REC: 3622	32.0	799.0	-767.0	415.0	
REC: 3622	32.0	799.0	-767.0	415.0	
REC: 3622	32.0	799.0	-767.0	415.0	
REC: 3622	32.0	799.0	-767.0	415.0	
REC: 3622	32.0	799.0	-767.0	415.0	
REC: 3622	32.0	799.0	-767.0	415.0	
REC: 3622	32.0	799.0	-767.0	415.0	
REC: 3622	32.0	799.0	-767.0	415.0	
REC: 3622	32.0	799.0	-767.0	415.0	
REC: 3622	32.0	799.0	-767.0	415.0	
REC: 3622	32.0	799.0	-767.0	415.0	
REC: 3622	32.0	799.0	-767.0	415.0	
REC: 3622	32.0	799.0	-767.0	415.0	
REC: 3659	19.0	801.0	-782.0	410.0	
REC: 3659	19.0	801.0	-782.0	410.0	
REC: 3659	19.0	801.0	-782.0	410.0	
REC: 3659	19.0	801.0	-782.0	410.0	
REC: 3659	19.0	801.0	-782.0	410.0	
REC: 3659	19.0	801.0	-782.0	410.0	
REC: 3659	19.0	801.0	-782.0	410.0	
REC: 3659	19.0	801.0	-782.0	410.0	
REC: 3659	19.0	801.0	-782.0	410.0	
REC: 3659	19.0	801.0	-782.0	410.0	
REC: 3659	19.0	801.0	-782.0	410.0	
REC: 3659	19.0	801.0	-782.0	410.0	
REC: 3659	19.0	801.0	-782.0	410.0	
REC: 3659	19.0	801.0	-782.0	410.0	
REC: 3659	19.0	801.0	-782.0	410.0	
REC: 3659	19.0	801.0	-782.0	410.0	
REC: 3659	19.0	801.0	-782.0	410.0	
REC: 3659	19.0	801.0	-782.0	410.0	
REC: 3659	19.0	801.0	-782.0	410.0	
REC: 3659	19.0	801.0	-782.0	410.0	
REC: 3659	19.0	801.0	-782.0	410.0	
REC: 3659	19.0	801.0	-782.0	410.0	
REC: 3659	19.0	801.0	-782.0	410.0	
REC: 3659	19.0	801.0	-782.0	410.0	
REC: 3659	19.0	801.0	-782.0	410.0	
REC: 3659	19.0	801.0	-782.0	410.0	
REC: 3659	19.0	801.0	-782.0	410.0	
REC: 3659	19.0	801.0	-782.0	410.0	
REC: 3659	19.0	801.0	-782.0	410.0	
REC: 3659	19.0	801.0	-782.0	410.0	
REC: 3659	19.0	801.0	-782.0	410.0	
REC: 3659	19.0	801.0	-782.0	410.0	
REC: 3659	19.0	801.0	-782.0	410.0	
REC: 3659	19.0	801.0	-782.0	410.0	
REC: 3659	19.0	801.0	-782.0	410.0	
REC: 3659	19.0	801.0	-782.0	410.0	
REC: 3659	19.0	801.0	-782.0	410.0	
REC: 3659	19.0	801.0	-782.0	410.0	
REC: 3659	19.0	801.0	-782.0	410.0	
REC: 3659	19.0	801.0	-782.0	410.0	
REC: 3659	19.0	801.0	-782.0	410.0	
REC: 3659	19.0	801.0	-782.0	410.0	
REC: 3659	19.0	801.0	-782.0	410.0	
REC: 3659	19.0	801.0	-782.0	410.0	
REC: 3659	19.0	801.0	-782.0	410.0	
REC: 3659	19.0	801.0	-782.0	410.0	
REC: 3659	19.0	801.0	-782.0	410.0	
REC: 3659	19.0	801.0	-782.0	410.0	
REC: 3659	19.0	801.0	-782.0	410.0	
REC: 3659	19.0	801.0	-782.0	410.0	
REC: 3659	19.0	801.0	-782.0	410.0	
REC: 3659	19.0	801.0	-782.0	410.0	
REC: 3659	19.0	801.0	-782.0	410.0	
REC: 3659	19.0	801.0	-782.0	410.0	
REC: 3659	19.0	801.0	-782.0	410.0	
REC: 3659	19.0	801.0	-782.0	410.0	
REC: 3659	19.0	801.0	-782.0	410.0	
REC: 3659	19.0	801.0	-782.0	410.0	
REC: 3659	19.0	801.0	-782.0	410.0	
REC: 3659	19.0	801.0	-782.0	410.0	
REC: 3659	19.0	801.0	-782.0	410.0	
REC: 3659	19.0	801.0	-782.0	410.0	
REC: 3659	19.0	801.0	-782.0	410.0	
REC: 3659	19.0	801.0	-782.0	410.0	
REC: 3659	19.0	801.0	-782.0	410.0	
REC: 3659	19.0	801.0	-782.0	410.0	
REC: 3659	19.0	801.0	-782.0	410.0	
REC: 3659	19.0	801.0	-782.0	410.0	
REC: 3659	19.0	801.0	-782.0	410.0	
REC: 3659	19.0	801.0	-782.0	410.0	
REC: 3659	19.0	801.0	-782.0	410.0	
REC: 3659	19.0	801.0	-782.0	410.0	
REC: 3659	19.0	801.0	-782.0	410.0	
REC: 3659	19.0	801.0	-782.0	410.0	
REC: 3659	19.0	801.0	-782.0	410.0	
REC: 3659	19.0	801.0	-782.0	410.0	
REC: 3659	19.0	801.0	-782.0	410.0	
REC: 3659	19.0	801.0	-782.0	410.0	
REC: 3660	19.0	801.0	-782.0	410.0	
REC: 3660	19.0	801.0	-782.0	410.0	
REC: 3660	19.0	801.0	-782.0	410.0	
REC: 3660	19.0	801.0	-782.0	410.0	
REC: 3660	19.0	801.0	-782.0	410.0	
REC: 3660	19.0	801.0	-782.0	410.0	
REC: 3660	19.0	801.0	-782.0	410.0	
REC: 3660	19.0	801.0	-782.0	410.0	
REC: 3660	19.0	801.0	-782.0	410.0	
REC: 3660	19.0	801.0	-782.0	410.0	
REC: 3660	19.0	801.0	-782.0	410.0	
REC: 3660	19.0	801.0	-782.0	410.0	
REC: 3660	19.0	801.0	-782.0	410.0	
REC: 3660	19.0	801.0	-782.0	410.0	
REC: 3660	19.0	801.0	-782.0	410.0	
REC: 3660	19.0	801.0	-782.0	410.0	
REC: 3660	19.0	801.0	-782.0	410.0	
REC: 3660	19.0	801.0	-782.0	410.0	
REC: 3660	19.0	801.0	-782.0	410.0	
REC: 3660	19.0	801.0	-782.0	410.0	
REC: 3660	19.0	801.0	-782.0	410.0	
REC: 3660	19.0	801.0	-782.0	410.0	
REC: 3697	19.0	801.0	-782.0	410.0	
REC: 3697	19.0	801.0	-782.0	410.0	
REC: 3697	19.0	801.0	-782.0	410.0	
REC: 3697	19.0	801.0	-782.0	410.0	
REC: 3697	19.0	801.0	-782.0	410.0	
REC: 3697	19.0	801.0	-782.0	410.0	
REC: 3697	19.0	801.0	-782.0	410.0	
REC: 3697	19.0	801.0	-782.0	410.0	
REC: 3697	19.0	801.0	-782.0	410.0	
REC: 3697	19.0	801.0	-782.0	410.0	
REC: 3697	19.0	801.0	-782.0	410.0	
REC: 3697	19.0	801.0	-782.0	410.0	
REC: 3697	19.0	801.0	-782.0	410.0	
REC: 3697	19.0	801.0	-782.0	410.0	
REC: 3697	19.0	801.0	-782.0	410.0	
REC: 3697	19.0	801.0	-782.0	410.0	
REC: 3697	19.0	801.0	-782.0	410.0	
REC: 3697	19.0	801.0	-782.0	410.0	
REC: 3697	19.0	801.0	-782.0	410.0	
REC: 3697	19.0	801.0	-782.0	410.0	
REC: 3697	19.0	801.0	-782.0	410.0	
REC: 3697	19.0	801.0	-782.0	410.0	
REC: 3697	19.0	801.0	-782.0	410.0	
REC: 3697	19.0	801.0	-782.0	410.0	
REC: 3697	19.0	801.0	-782.0	410.0	
REC: 3697	19.0	801.0	-782.0	410.0	
REC: 3697	19.0	801.0	-782.0	410.0	
REC: 3697	19.0	801.0	-782.0	410.0	
REC: 3697	19.0	801.0	-782.0	410.0	
REC: 3697	19.0	801.0	-782.0	410.0	
REC: 3697	19.0	801.0	-782.0	410.0	
REC: 3697	19.0	801.0	-782.0	410.0	
REC: 3697	19.0	801.0	-782.0	410.0	
REC: 3697	19.0	801.0	-782.0	410.0	
REC: 3697	19.0	801.0	-782.0	410.0	
REC: 3697	19.0	801.0	-782.0	410.0	
REC: 3697	19.0	801.0	-782.0	410.0	
REC: 3697	19.0	801.0	-782.0	410.0	
REC: 3697	19.0	801.0	-782.0	410.0	
REC: 3697	19.0	801.0	-782.0	410.0	
REC: 3697	19.0	801.0	-782.0	410.0	
REC: 3697	19.0	801.0	-782.0	410.0	
REC: 3697	19.0	801.0	-782.0	410.0	
REC: 3697	19.0	801.0	-782.0	410.0	
REC: 3697	19.0	801.0	-782.0	410.0	
REC: 3697	19.0	801.0	-782.0	410.0	
REC: 3697	19.0	801.0	-782.0	410.0	
REC: 3697	19.0	801.0	-782.0	410.0	
REC: 3697	19.0	801.0	-782.0	410.0	
REC: 3697	19.0	801.0	-782.0	410.0	
REC: 3697	19.0	801.0	-782.0	410.0	
REC: 3697	19.0	801.0	-782.0	410.0	
REC: 3697	19.0	801.0	-782.0	410.0	
REC: 3697	19.0	801.0	-782.0	410.0	
REC: 3697	19.0	801.0	-782.0	410.0	
REC: 3697	19.0	801.0	-782.0	410.0	
REC: 3697	19.0	801.0	-782.0	410.0	
REC: 3697	19.0	801.0	-782.0	410.0	
REC: 3697	19.0	801.0	-782.0	410.0	
REC: 3697	19.0	801.0	-782.0	410.0	
REC: 3697	19.0	801.0	-782.0	410.0	
REC: 3697	19.0	801.0	-782.0	410.0	
REC: 3697	19.0	801.0	-782.0	410.0	
REC: 3697	19.0	801.0	-782.0	410.0	
REC: 3697	19.0	801.0	-782.0	410.0	
REC: 3697	19.0	801.0	-782.0	410.0	
REC: 3697	19.0	801.0	-782.0	410.0	
REC: 3697	19.0	801.0	-782.0	410.0	
REC: 3697	19.0	801.0	-782.0	410.0	
REC: 3697	19.0	801.0	-782.0	410.0	
REC: 3697	19.0	801.0	-782.0	410.0	
REC: 3697	19.0	801.0	-782.0	410.0	
REC: 3697	19.0	801.0	-782.0	410.0	
REC: 3697	19.0	801.0	-782.0	410.0	
REC: 3697	19.0	801.0	-782.0	410.0	
REC: 3697	19.0	801.0	-782.0	410.0	
REC: 3697	19.0	801.0	-782.0	410.0	
REC: 3697	19.0	801.0	-782.0	410.0	
REC: 3697	19.0	801.0	-782.0	410.0	
REC: 3698	19.0	801.0	-782.0	410.0	
REC: 3698	19.0	801.0	-782.0	410.0	
REC: 3698	19.0	801.0	-782.0	410.0	
REC: 3698	19.0	801.0	-782.0	410.0	
REC: 3698	19.0	801.0	-782.0	410.0	
REC: 3698	19.0	801.0	-782.0	410.0	
REC: 3698	19.0	801.0	-782.0	410.0	
REC: 3698	19.0	801.0	-782.0	410.0	
REC: 3698	19.0	801.0	-782.0	410.0	
REC: 3698	19.0	801.0	-782.0	410.0	
REC: 3698	19.0	801.0	-782.0	410.0	
REC: 3698	19.0	801.0	-782.0	410.0	
REC: 3698	19.0	801.0	-782.0	410.0	
REC: 3698	19.0	801.0	-782.0	410.0	
REC: 3698	19.0	801.0	-782.0	410.0	
REC: 3698	19.0	801.0	-782.0	410.0	
REC: 3698	19.0	801.0	-782.0	410.0	
REC: 3698	19.0	801.0	-782.0	410.0	
REC: 3698	19.0	801.0	-782.0	410.0	
REC: 3698	19.0	801.0	-782.0	410.0	
REC: 3698	19.0	801.0	-782.0	410.0	
REC: 3735	19.0	801.0	-782.0	410.0	
REC: 3735	19.0	801.0	-782.0	410.0	
REC: 3735	19.0	801.0	-782.0	410.0	
REC: 3735	19.0	801.0	-782.0	410.0	
REC: 3735	19.0	801.0	-782.0	410.0	
REC: 3735	19.0	801.0	-782.0	410.0	
REC: 3735	19.0	801.0	-782.0	410.0	
REC: 3735	19.0	801.0	-782.0	410.0	
REC: 3735	19.0	801.0	-782.0	410.0	
REC: 3735	19.0	801.0	-782.0	410.0	
REC: 3735	19.0	801.0	-782.0	410.0	
REC: 3735	19.0	801.0	-782.0	410.0	
REC: 3735	19.0	801.0	-782.0	410.0	
REC: 3735	19.0	801.0	-782.0	410.0	
REC: 3735	19.0	801.0	-782.0	410.0	
REC: 3735	19.0	801.0	-782.0	410.0	
REC: 3735	19.0	801.0	-782.0	410.0	
REC: 3735	19.0	801.0	-782.0	410.0	
REC: 3735	19.0	801.0	-782.0	410.0	
REC: 3735	19.0	801.0	-782.0	410.0	
REC: 3735	19.0	801.0	-782.0	410.0	
REC: 3735	19.0	801.0	-782.0	410.0	
REC: 3735	19.0	801.0	-782.0	410.0	
REC: 3735	19.0	801.0	-782.0	410.0	
REC: 3735	19.0	801.0	-782.0	410.0	
REC: 3735	19.0	801.0	-782.0	410.0	
REC: 3735	19.0	801.0	-782.0	410.0	
REC: 3735	19.0	801.0	-782.0	410.0	
REC: 3735	19.0	801.0	-782.0	410.0	
REC: 3735	19.0	801.0	-782.0	410.0	
REC: 3735	19.0	801.0	-782.0	410.0	
REC: 3735	19.0	801.0	-782.0	410.0	
REC: 3735	19.0	801.0	-782.0	410.0	
REC: 3735	19.0	801.0	-782.0	410.0	
REC: 3735	19.0	801.0	-782.0	410.0	
REC: 3735	19.0	801.0	-782.0	410.0	
REC: 3735	19.0	801.0	-782.0	410.0	
REC: 3735	19.0	801.0	-782.0	410.0	
REC: 3735	19.0	801.0	-782.0	410.0	
REC: 3735	19.0	801.0	-782.0	410.0	
REC: 3735	19.0	801.0	-782.0	410.0	
REC: 3735	19.0	801.0	-782.0	410.0	
REC: 3735	19.0	801.0	-782.0	410.0	
REC: 3735	19.0	801.0	-782.0	410.0	
REC: 3735	19.0	801.0	-782.0	410.0	
REC: 3735	19.0	801.0	-782.0	410.0	
REC: 3735	19.0	801.0	-782.0	410.0	
REC: 3735	19.0	801.0	-782.0	410.0	
REC: 3735	19.0	801.0	-782.0	410.0	
REC: 3735	19.0	801.0	-782.0	410.0	
REC: 3735	19.0	801.0	-782.0	410.0	
REC: 3735	19.0	801.0	-782.0	410.0	
REC: 3735	19.0	801.0	-782.0	410.0	
REC: 3735	19.0	801.0	-782.0	410.0	
REC: 3735	19.0	801.0	-782.0	410.0	
REC: 3735	19.0	801.0	-782.0	410.0	
REC: 3735	19.0	801.0	-782.0	410.0	
REC: 3735	19.0	801.0	-782.0	410.0	
REC: 3735	19.0	801.0	-782.0	410.0	
REC: 3735	19.0	801.0	-782.0	410.0	
REC: 3735	19.0	801.0	-782.0	410.0	
REC: 3735	19.0	801.0	-782.0	410.0	
REC: 3735	19.0	801.0	-782.0	410.0	
REC: 3735	19.0	801.0	-782.0	410.0	
REC: 3735	19.0	801.0	-782.0	410.0	
REC: 3735	19.0	801.0	-782.0	410.0	
REC: 3735	19.0	801.0	-782.0	410.0	
REC: 3735	19.0	801.0	-782.0	410.0	
REC: 3735	19.0	801.0	-782.0	410.0	
REC: 3735	19.0	801.0	-782.0	410.0	
REC: 3735	19.0	801.0	-782.0	410.0	
REC: 3735	19.0	801.0	-782.0	410.0	
REC: 3735	19.0	801.0	-782.0	410.0	
REC: 3735	19.0	801.0	-782.0	410.0	
REC: 3735	19.0	801.0	-782.0	410.0	
REC: 3735	19.0	801.0	-782.0	410.0	
REC: 3735	19.0	801.0	-782.0	410.0	
REC: 3735	19.0	801.0	-782.0	410.0	
REC: 3735	19.0	801.0	-782.0	410.0	
REC: 3735	19.0	801.0	-782.0	410.0	
REC: 3735	19.0	801.0	-782.0	410.0	
REC: 3735	19.0	801.0	-782.0	410.0	
REC: 3735	19.0	801.0	-782.0	410.0	
REC: 3735	19.0	801.0	-782.0	410.0	
REC: 3735	19.0	801.0	-782.0	410.0	
REC: 3736	19.0	801.0	-782.0	410.0	
REC: 3736	19.0	801.0	-782.0	410.0	
REC: 3736	19.0	801.0	-782.0	410.0	
REC: 3736	19.0	801.0	-782.0	410.0	
REC: 3736	19.0	801.0	-782.0	410.0	
REC: 3736	19.0	801.0	-782.0	410.0	
REC: 3736	19.0	801.0	-782.0	410.0	
REC: 3736	19.0	801.0	-782.0	410.0	
REC: 3736	19.0	801.0	-782.0	410.0	
REC: 3736	19.0	801.0	-782.0	410.0	
REC: 3736	19.0	801.0	-782.0	410.0	
REC: 3736	19.0	801.0	-782.0	410.0	
REC: 3736	19.0	801.0	-782.0	410.0	
REC: 3736	19.0	801.0	-782.0	410.0	
REC: 3736	19.0	801.0	-782.0	410.0	
REC: 3776	19.0	801.0	-782.0	410.0	
REC: 3776	19.0	801.0	-782.0	410.0	
REC: 3776	19.0	801.0	-782.0	410.0	
REC: 3776	19.0	801.0	-782.0	410.0	
REC: 3776	19.0	801.0	-782.0	410.0	
REC: 3776	19.0	801.0	-782.0	410.0	
REC: 3776	19.0	801.0	-782.0	410.0	
REC: 3776	19.0	801.0	-782.0	410.0	
REC: 3776	19.0	801.0	-782.0	410.0	
REC: 3776	19.0	801.0	-782.0	410.0	
REC: 3776	19.0	801.0	-782.0	410.0	
REC: 3776	19.0	801.0	-782.0	410.0	
REC: 3776	19.0	801.0	-782.0	410.0	
REC: 3776	19.0	801.0	-782.0	410.0	
REC: 3776	19.0	801.0	-782.0	410.0	
REC: 3776	19.0	801.0	-782.0	410.0	
REC: 3776	19.0	801.0	-782.0	410.0	
REC: 3776	19.0	801.0	-782.0	410.0	
REC: 3776	19.0	801.0	-782.0	410.0	
REC: 3776	19.0	801.0	-782.0	410.0	
REC: 3776	19.0	801.0	-782.0	410.0	
REC: 3776	19.0	801.0	-782.0	410.0	
REC: 3776	19.0	801.0	-782.0	410.0	
REC: 3776	19.0	801.0	-782.0	410.0	
REC: 3776	19.0	801.0	-782.0	410.0	
REC: 3776	19.0	801.0	-782.0	410.0	
REC: 3776	19.0	801.0	-782.0	410.0	
REC: 3776	19.0	801.0	-782.0	410.0	
REC: 3776	19.0	801.0	-782.0	410.0	
REC: 3776	19.0	801.0	-782.0	410.0	
REC: 3776	19.0	801.0	-782.0	410.0	
REC: 3776	19.0	801.0	-782.0	410.0	
REC: 3776	19.0	801.0	-782.0	410.0	
REC: 3776	19.0	801.0	-782.0	410.0	
REC: 3776	19.0	801.0	-782.0	410.0	
REC: 3776	19.0	801.0	-782.0	410.0	
REC: 3776	19.0	801.0	-782.0	410.0	
REC: 3776	19.0	801.0	-782.0	410.0	
REC: 3776	19.0	801.0	-782.0	410.0	
REC: 3776	19.0	801.0	-782.0	410.0	
REC: 3776	19.0	801.0	-782.0	410.0	
REC: 3776	19.0	801.0	-782.0	410.0	
REC: 3776	19.0	801.0	-782.0	410.0	
REC: 3776	19.0	801.0	-782.0	410.0	
REC: 3776	19.0	801.0	-782.0	410.0	
REC: 3776	19.0	801.0	-782.0	410.0	
REC: 3776	19.0	801.0	-782.0	410.0	
REC: 3776	19.0	801.0	-782.0	410.0	
REC: 3776	19.0	801.0	-782.0	410.0	
REC: 3776	19.0	801.0	-782.0	410.0	
REC: 3776	19.0	801.0	-782.0	410.0	
REC: 3776	19.0	801.0	-782.0	410.0	
REC: 3776	19.0	801.0	-782.0	410.0	
REC: 3776	19.0	801.0	-782.0	410.0	
REC: 3776	19.0	801.0	-782.0	410.0	
REC: 3776	19.0	801.0	-782.0	410.0	
REC: 3776	19.0	801.0	-782.0	410.0	
REC: 3776	19.0	801.0	-782.0	410.0	
REC: 3776	19.0	801.0	-782.0	410.0	
REC: 3776	19.0	801.0	-782.0	410.0	
REC: 3776	19.0	801.0	-782.0	410.0	
REC: 3776	19.0	801.0	-782.0	410.0	
REC: 3776	19.0	801.0	-782.0	410.0	
REC: 3776	19.0	801.0	-782.0	410.0	
REC: 3776	19.0	801.0	-782.0	410.0	
REC: 3776	19.0	801.0	-782.0	410.0	
REC: 3776	19.0	801.0	-782.0	410.0	
REC: 3776	19.0	801.0	-782.0	410.0	
REC: 3776	19.0	801.0	-782.0	410.0	
REC: 3776	19.0	801.0	-782.0	410.0	
REC: 3776	19.0	801.0	-782.0	410.0	
REC: 3776	19.0	801.0	-782.0	410.0	
REC: 3776	19.0	801.0	-782.0	410.0	
REC: 3776	19.0	801.0	-782.0	410.0	
REC: 3776	19.0	801.0	-782.0	410.0	
REC: 3776	19.0	801.0	-782.0	410.0	
REC: 3776	19.0	801.0	-782.0	410.0	
REC: 3776	19.0	801.0	-782.0	410.0	
REC: 3776	19.0	801.0	-782.0	410.0	
REC: 3776	19.0	801.0	-782.0	410.0	
REC: 3776	19.0	801.0	-782.0	410.0	
REC: 3776	19.0	801.0	-782.0	410.0	
REC: 3776	19.0	801.0	-782.0	410.0	
REC: 3776	19.0	801.0	-782.0	410.0	
REC: 3776	19.0	801.0	-782.0	410.0	
REC: 3776	19.0	801.0	-782.0	410.0	
REC: 3776	19.0	801.0	-782.0	410.0	
REC: 3776	19.0	801.0	-782.0	410.0	
REC: 3776	19.0	801.0	-782.0	410.0	
REC: 3776	19.0	801.0	-782.0	410.0	
REC: 3776	19.0	801.0	-782.0	410.0	
REC: 3776	19.0	801.0	-782.0	410.0	
REC: 3776	19.0	801.0	-782.0	410.0	
REC: 3776	19.0	801.0	-782.0	410.0	
REC: 3776	19.0	801.0	-782.0	410.0	
REC: 3776	19.0	801.0	-782.0	410.0	
REC: 3776	19.0	801.0	-782.0	410.0	
REC: 3776	19.0	801.0	-782.0	410.0	
REC: 3776	19.0	801.0	-782.0	410.0	
REC: 3776	19.0	801.0	-782.0	410.0	
REC: 3813	19.0	801.0	-782.0	410.0	
REC: 3813	19.0	801.0	-782.0	410.0	
REC: 3813	19.0	801.0	-782.0	410.0	
REC: 3813	19.0	801.0	-782.0	410.0	
REC: 3813	19.0	801.0	-782.0	410.0	
REC: 3813	19.0	801.0	-782.0	410.0	
REC: 3813	19.0	801.0	-782.0	410.0	
REC: 3813	19.0	801.0	-782.0	410.0	
REC: 3813	19.0	801.0	-782.0	410.0	
REC: 3813	19.0	801.0	-782.0	410.0	
REC: 3813	19.0	801.0	-782.0	410.0	
REC: 3813	19.0	801.0	-782.0	410.0	
REC: 3813	19.0	801.0	-782.0	410.0	
REC: 3813	19.0	801.0	-782.0	410.0	
REC: 3813	19.0	801.0	-782.0	410.0	
REC: 3813	19.0	801.0	-782.0	410.0	
REC: 3813	19.0	801.0	-782.0	410.0	
REC: 3813	19.0	801.0	-782.0	410.0	
REC: 3813	19.0	801.0	-782.0	410.0	
REC: 3813	19.0	801.0	-782.0	410.0	
REC: 3813	19.0	801.0	-782.0	410.0	
REC: 3813	19.0	801.0	-782.0	410.0	
REC: 3814	19.0	801.0	-782.0	410.0	
REC: 3814	19.0	801.0	-782.0	410.0	
REC: 3814	19.0	801.0	-782.0	410.0	
REC: 3814	19.0	801.0	-782.0	410.0	
REC: 3814	19.0	801.0	-782.0	410.0	
REC: 3814	19.0	801.0	-782.0	410.0	
REC: 3814	19.0	801.0	-782.0	410.0	
REC: 3814	19.0	801.0	-782.0	410.0	
REC: 3814	19.0	801.0	-782.0	410.0	
REC: 3814	19.0	801.0	-782.0	410.0	
REC: 3814	19.0	801.0	-782.0	410.0	
REC: 3814	19.0	801.0	-782.0	410.0	
REC: 3814	19.0	801.0	-782.0	410.0	
REC: 3814	19.0	801.0	-782.0	410.0	
REC: 3814	19.0	801.0	-782.0	410.0	
REC: 3814	19.0	801.0	-782.0	410.0	
REC: 3814	19.0	801.0	-782.0	410.0	
REC: 3814	19.0	801.0	-782.0	410.0	
REC: 3814	19.0	801.0	-782.0	410.0	
REC: 3814	19.0	801.0	-782.0	410.0	
REC: 3814	19.0	801.0	-782.0	410.0	
REC: 3814	19.0	801.0	-782.0	410.0	
REC: 3814	19.0	801.0	-782.0	410.0	
REC: 3814	19.0	801.0	-782.0	410.0	
REC: 3814	19.0	801.0	-782.0	410.0	
REC: 3814	19.0	801.0	-782.0	410.0	
REC: 3814	19.0	801.0	-782.0	410.0	
REC: 3814	19.0	801.0	-782.0	410.0	
REC: 3814	19.0	801.0	-782.0	410.0	
REC: 3814	19.0	801.0	-782.0	410.0	
REC: 3814	19.0	801.0	-782.0	410.0	
REC: 3814	19.0	801.0	-782.0	410.0	
REC: 3814	19.0	801.0	-782.0	410.0	
REC: 3814	19.0	801.0	-782.0	410.0	
REC: 3814	19.0	801.0	-782.0	410.0	
REC: 3814	19.0	801.0	-782.0	410.0	
REC: 3814	19.0	801.0	-782.0	410.0	
REC: 3814	19.0	801.0	-782.0	410.0	
REC: 3814	19.0	801.0	-782.0	410.0	
REC: 3814	19.0	801.0	-782.0	410.0	
REC: 3814	19.0	801.0	-782.0	410.0	
REC: 3814	19.0	801.0	-782.0	410.0	
REC: 3814	19.0	801.0	-782.0	410.0	
REC: 3814	19.0	801.0	-782.0	410.0	
REC: 3814	19.0	801.0	-782.0	410.0	
REC: 3814	19.0	801.0	-782.0	410.0	
REC: 3814	19.0	801.0	-782.0	410.0	
REC: 3814	19.0	801.0	-782.0	410.0	
REC: 3814	19.0	801.0	-782.0	410.0	
REC: 3814	19.0	801.0	-782.0	410.0	
REC: 3814	19.0	801.0	-782.0	410.0	
REC: 3814	19.0	801.0	-782.0	410.0	
REC: 3814	19.0	801.0	-782.0	410.0	
REC: 3814	19.0	801.0	-782.0	410.0	
REC: 3814	19.0	801.0	-782.0	410.0	
REC: 3814	19.0	801.0	-782.0	410.0	
REC: 3814	19.0	801.0	-782.0	410.0	
REC: 3814	19.0	801.0	-782.0	410.0	
REC: 3814	19.0	801.0	-782.0	410.0	
REC: 3814	19.0	801.0	-782.0	410.0	
REC: 3814	19.0	801.0	-782.0	410.0	
REC: 3814	19.0	801.0	-782.0	410.0	
REC: 3814	19.0	801.0	-782.0	410.0	
REC: 3814	19.0	801.0	-782.0	410.0	
REC: 3814	19.0	801.0	-782.0	410.0	
REC: 3814	19.0	801.0	-782.0	410.0	
REC: 3814	19.0	801.0	-782.0	410.0	
REC: 3814	19.0	801.0	-782.0	410.0	
REC: 3814	19.0	801.0	-782.0	410.0	
REC: 3814	19.0	801.0	-782.0	410.0	
REC: 3814	19.0	801.0	-782.0	410.0	
REC: 3814	19.0	801.0	-782.0	410.0	
REC: 3814	19.0	801.0	-782.0	410.0	
REC: 3814	19.0	801.0	-782.0	410.0	
REC: 3814	19.0	801.0	-782.0	410.0	
REC: 3814	19.0	801.0	-782.0	410.0	
REC: 3814	19.0	801.0	-782.0	410.0	
REC: 3814	19.0	801.0	-782.0	410.0	
REC: 3852	24.0	801.0	-777.0	412.0	
REC: 3852	24.0	801.0	-777.0	412.0	
REC: 3852	24.0	801.0	-777.0	412.0	
REC: 3852	24.0	801.0	-777.0	412.0	
REC: 3852	24.0	801.0	-777.0	412.0	
REC: 3852	24.0	801.0	-777.0	412.0	
REC: 3852	24.0	801.0	-777.0	412.0	
REC: 3852	24.0	801.0	-777.0	412.0	
REC: 3852	24.0	801.0	-777.0	412.0	
REC: 3852	24.0	801.0	-777.0	412.0	
REC: 3852	24.0	801.0	-777.0	412.0	
REC: 3852	24.0	801.0	-777.0	412.0	
REC: 3852	24.0	801.0	-777.0	412.0	
REC: 3852	24.0	801.0	-777.0	412.0	
REC: 3852	24.0	801.0	-777.0	412.0	
REC: 3852	24.0	801.0	-777.0	412.0	
REC: 3852	24.0	801.0	-777.0	412.0	
REC: 3852	24.0	801.0	-777.0	412.0	
REC: 3852	24.0	801.0	-777.0	412.0	
REC: 3852	24.0	801.0	-777.0	412.0	
REC: 3852	24.0	801.0	-777.0	412.0	
REC: 3852	24.0	801.0	-777.0	412.0	
REC: 3852	24.0	801.0	-777.0	412.0	
REC: 3852	24.0	801.0	-777.0	412.0	
REC: 3852	24.0	801.0	-777.0	412.0	
REC: 3852	24.0	801.0	-777.0	412.0	
REC: 3852	24.0	801.0	-777.0	412.0	
REC: 3852	24.0	801.0	-777.0	412.0	
REC: 3852	24.0	801.0	-777.0	412.0	
REC: 3852	24.0	801.0	-777.0	412.0	
REC: 3852	24.0	801.0	-777.0	412.0	
REC: 3852	24.0	801.0	-777.0	412.0	
REC: 3852	24.0	801.0	-777.0	412.0	
REC: 3852	24.0	801.0	-777.0	412.0	
REC: 3852	24.0	801.0	-777.0	412.0	
REC: 3852	24.0	801.0	-777.0	412.0	
REC: 3852	24.0	801.0	-777.0	412.0	
REC: 3852	24.0	801.0	-777.0	412.0	
REC: 3852	24.0	801.0	-777.0	412.0	
REC: 3852	24.0	801.0	-777.0	412.0	
REC: 3852	24.0	801.0	-777.0	412.0	
REC: 3852	24.0	801.0	-777.0	412.0	
REC: 3852	24.0	801.0	-777.0	412.0	
REC: 3852	24.0	801.0	-777.0	412.0	
REC: 3852	24.0	801.0	-777.0	412.0	
REC: 3852	24.0	801.0	-777.0	412.0	
REC: 3852	24.0	801.0	-777.0	412.0	
REC: 3852	24.0	801.0	-777.0	412.0	
REC: 3852	24.0	801.0	-777.0	412.0	
REC: 3852	24.0	801.0	-777.0	412.0	
REC: 3852	24.0	801.0	-777.0	412.0	
REC: 3852	24.0	801.0	-777.0	412.0	
REC: 3852	24.0	801.0	-777.0	412.0	
REC: 3853	24.0	801.0	-777.0	412.0	
REC: 3853	24.0	801.0	-777.0	412.0	
REC: 3853	24.0	801.0	-777.0	412.0	
REC: 3853	24.0	801.0	-777.0	412.0	
REC: 3853	24.0	801.0	-777.0	412.0	
REC: 3853	24.0	801.0	-777.0	412.0	
REC: 3853	24.0	801.0	-777.0	412.0	
REC: 3853	24.0	801.0	-777.0	412.0	
REC: 3853	24.0	801.0	-777.0	412.0	
REC: 3853	24.0	801.0	-777.0	412.0	
REC: 3853	24.0	801.0	-777.0	412.0	
REC: 3853	24.0	801.0	-777.0	412.0	
REC: 3853	24.0	801.0	-777.0	412.0	
REC: 3853	24.0	801.0	-777.0	412.0	
REC: 3853	24.0	801.0	-777.0	412.0	
REC: 3853	24.0	801.0	-777.0	412.0	
REC: 3853	24.0	801.0	-777.0	412.0	
REC: 3853	24.0	801.0	-777.0	412.0	
REC: 3853	24.0	801.0	-777.0	412.0	
REC: 3853	24.0	801.0	-777.0	412.0	
REC: 3853	24.0	801.0	-777.0	412.0	
REC: 3853	24.0	801.0	-777.0	412.0	
REC: 3853	24.0	801.0	-777.0	412.0	
REC: 3853	24.0	801.0	-777.0	412.0	
REC: 3853	24.0	801.0	-777.0	412.0	
REC: 3853	24.0	801.0	-777.0	412.0	
REC: 3853	24.0	801.0	-777.0	412.0	
REC: 3853	24.0	801.0	-777.0	412.0	
REC: 3853	24.0	801.0	-777.0	412.0	
REC: 3853	24.0	801.0	-777.0	412.0	
REC: 3853	24.0	801.0	-777.0	412.0	
REC: 3853	24.0	801.0	-777.0	412.0	
REC: 3853	24.0	801.0	-777.0	412.0	
REC: 3853	24.0	801.0	-777.0	412.0	
REC: 3853	24.0	801.0	-777.0	412.0	
REC: 3853	24.0	801.0	-777.0	412.0	
REC: 3853	24.0	801.0	-777.0	412.0	
REC: 3853	24.0	801.0	-777.0	412.0	
REC: 3853	24.0	801.0	-777.0	412.0	
REC: 3853	24.0	801.0	-777.0	412.0	
REC: 3853	24.0	801.0	-777.0	412.0	
REC: 3853	24.0	801.0	-777.0	412.0	
REC: 3853	24.0	801.0	-777.0	412.0	
REC: 3853	24.0	801.0	-777.0	412.0	
REC: 3853	24.0	801.0	-777.0	412.0	
REC: 3853	24.0	801.0	-777.0	412.0	
REC: 3853	24.0	801.0	-777.0	412.0	
REC: 3894	29.0	801.0	-772.0	415.0	
REC: 3894	29.0	801.0	-772.0	415.0	
REC: 3894	29.0	801.0	-772.0	415.0	
REC: 3894	29.0	801.0	-772.0	415.0	
REC: 3894	29.0	801.0	-772.0	415.0	
REC: 3894	29.0	801.0	-772.0	415.0	
REC: 3894	29.0	801.0	-772.0	415.0	
REC: 3894	29.0	801.0	-772.0	415.0	
REC: 3894	29.0	801.0	-772.0	415.0	
REC: 3894	29.0	801.0	-772.0	415.0	
REC: 3894	29.0	801.0	-772.0	415.0	
REC: 3894	29.0	801.0	-772.0	415.0	
REC: 3894	29.0	801.0	-772.0	415.0	
REC: 3894	29.0	801.0	-772.0	415.0	
REC: 3894	29.0	801.0	-772.0	415.0	
REC: 3894	29.0	801.0	-772.0	415.0	
REC: 3894	29.0	801.0	-772.0	415.0	
REC: 3894	29.0	801.0	-772.0	415.0	
REC: 3894	29.0	801.0	-772.0	415.0	
REC: 3894	29.0	801.0	-772.0	415.0	
REC: 3894	29.0	801.0	-772.0	415.0	
REC: 3894	29.0	801.0	-772.0	415.0	
REC: 3894	29.0	801.0	-772.0	415.0	
REC: 3894	29.0	801.0	-772.0	415.0	
REC: 3894	29.0	801.0	-772.0	415.0	
REC: 3894	29.0	801.0	-772.0	415.0	
REC: 3894	29.0	801.0	-772.0	415.0	
REC: 3894	29.0	801.0	-772.0	415.0	
REC: 3894	29.0	801.0	-772.0	415.0	
REC: 3894	29.0	801.0	-772.0	415.0	
REC: 3894	29.0	801.0	-772.0	415.0	
REC: 3894	29.0	801.0	-772.0	415.0	
REC: 3894	29.0	801.0	-772.0	415.0	
REC: 3894	29.0	801.0	-772.0	415.0	
REC: 3894	29.0	801.0	-772.0	415.0	
REC: 3894	29.0	801.0	-772.0	415.0	
REC: 3894	29.0	801.0	-772.0	415.0	
REC: 3894	29.0	801.0	-772.0	415.0	
REC: 3894	29.0	801.0	-772.0	415.0	
REC: 3894	29.0	801.0	-772.0	415.0	
REC: 3894	29.0	801.0	-772.0	415.0	
REC: 3894	29.0	801.0	-772.0	415.0	
REC: 3894	29.0	801.0	-772.0	415.0	
REC: 3894	29.0	801.0	-772.0	415.0	
REC: 3894	29.0	801.0	-772.0	415.0	
REC: 3894	29.0	801.0	-772.0	415.0	
REC: 3894	29.0	801.0	-772.0	415.0	
REC: 3894	29.0	801.0	-772.0	415.0	
REC: 3894	29.0	801.0	-772.0	415.0	
REC: 3894	29.0	801.0	-772.0	415.0	
REC: 3894	29.0	801.0	-772.0	415.0	
REC: 3895	29.0	801.0	-772.0	415.0	
REC: 3895	29.0	801.0	-772.0	415.0	
REC: 3895	29.0	801.0	-772.0	415.0	
REC: 3895	29.0	801.0	-772.0	415.0	
REC: 3895	29.0	801.0	-772.0	415.0	
REC: 3895	29.0	801.0	-772.0	415.0	
REC: 3895	29.0	801.0	-772.0	415.0	
REC: 3895	29.0	801.0	-772.0	415.0	
REC: 3895	29.0	801.0	-772.0	415.0	
REC: 3895	29.0	801.0	-772.0	415.0	
REC: 3895	29.0	801.0	-772.0	415.0	
REC: 3895	29.0	801.0	-772.0	415.0	
REC: 3895	29.0	801.0	-772.0	415.0	
REC: 3895	29.0	801.0	-772.0	415.0	
REC: 3895	29.0	801.0	-772.0	415.0	
REC: 3895	29.0	801.0	-772.0	415.0	
REC: 3895	29.0	801.0	-772.0	415.0	
REC: 3895	29.0	801.0	-772.0	415.0	
REC: 3895	29.0	801.0	-772.0	415.0	
REC: 3895	29.0	801.0	-772.0	415.0	
REC: 3895	29.0	801.0	-772.0	415.0	
REC: 3895	29.0	801.0	-772.0	415.0	
REC: 3895	29.0	801.0	-772.0	415.0	
REC: 3895	29.0	801.0	-772.0	415.0	
REC: 3895	29.0	801.0	-772.0	415.0	
REC: 3895	29.0	801.0	-772.0	415.0	
REC: 3895	29.0	801.0	-772.0	415.0	
REC: 3895	29.0	801.0	-772.0	415.0	
REC: 3895	29.0	801.0	-772.0	415.0	
REC: 3895	29.0	801.0	-772.0	415.0	
REC: 3895	29.0	801.0	-772.0	415.0	
REC: 3895	29.0	801.0	-772.0	415.0	
REC: 3895	29.0	801.0	-772.0	415.0	
REC: 3895	29.0	801.0	-772.0	415.0	
REC: 3895	29.0	801.0	-772.0	415.0	
REC: 3895	29.0	801.0	-772.0	415.0	
REC: 3895	29.0	801.0	-772.0	415.0	
REC: 3895	29.0	801.0	-772.0	415.0	
REC: 3895	29.0	801.0	-772.0	415.0	
REC: 3895	29.0	801.0	-772.0	415.0	
REC: 3895	29.0	801.0	-772.0	415.0	
REC: 3895	29.0	801.0	-772.0	415.0	
REC: 3895	29.0	801.0	-772.0	415.0	
REC: 3895	29.0	801.0	-772.0	415.0	
REC: 3895	29.0	801.0	-772.0	415.0	
REC: 3895	29.0	801.0	-772.0	415.0	
REC: 3895	29.0	801.0	-772.0	415.0	
REC: 3895	29.0	801.0	-772.0	415.0	
REC: 3895	29.0	801.0	-772.0	415.0	
REC: 3946	34.0	800.0	-766.0	417.0	
REC: 3946	34.0	800.0	-766.0	417.0	
REC: 3946	34.0	800.0	-766.0	417.0	
REC: 3946	34.0	800.0	-766.0	417.0	
REC: 3946	34.0	800.0	-766.0	417.0	
REC: 3946	34.0	800.0	-766.0	417.0	
REC: 3946	34.0	800.0	-766.0	417.0	
REC: 3946	34.0	800.0	-766.0	417.0	
REC: 3946	34.0	800.0	-766.0	417.0	
REC: 3946	34.0	800.0	-766.0	417.0	
REC: 3946	34.0	800.0	-766.0	417.0	
REC: 3946	34.0	800.0	-766.0	417.0	
REC: 3946	34.0	800.0	-766.0	417.0	
REC: 3946	34.0	800.0	-766.0	417.0	
REC: 3946	34.0	800.0	-766.0	417.0	
REC: 3946	34.0	800.0	-766.0	417.0	
REC: 3946	34.0	800.0	-766.0	417.0	
REC: 3946	34.0	800.0	-766.0	417.0	
REC: 3946	34.0	800.0	-766.0	417.0	
REC: 3946	34.0	800.0	-766.0	417.0	
REC: 3946	34.0	800.0	-766.0	417.0	
REC: 3946	34.0	800.0	-766.0	417.0	
REC: 3946	34.0	800.0	-766.0	417.0	
REC: 3946	34.0	800.0	-766.0	417.0	
REC: 3946	34.0	800.0	-766.0	417.0	
REC: 3946	34.0	800.0	-766.0	417.0	
REC: 3946	34.0	800.0	-766.0	417.0	
REC: 3946	34.0	800.0	-766.0	417.0	
REC: 3946	34.0	800.0	-766.0	417.0	
REC: 3946	34.0	800.0	-766.0	417.0	
REC: 3946	34.0	800.0	-766.0	417.0	
REC: 3946	34.0	800.0	-766.0	417.0	
REC: 3946	34.0	800.0	-766.0	417.0	
REC: 3946	34.0	800.0	-766.0	417.0	
REC: 3946	34.0	800.0	-766.0	417.0	
REC: 3946	34.0	800.0	-766.0	417.0	
REC: 3946	34.0	800.0	-766.0	417.0	
REC: 3946	34.0	800.0	-766.0	417.0	
REC: 3946	34.0	800.0	-766.0	417.0	
REC: 3946	34.0	800.0	-766.0	417.0	
REC: 3946	34.0	800.0	-766.0	417.0	
REC: 3946	34.0	800.0	-766.0	417.0	
REC: 3946	34.0	800.0	-766.0	417.0	
REC: 3946	34.0	800.0	-766.0	417.0	
REC: 3946	34.0	800.0	-766.0	417.0	
REC: 3946	34.0	800.0	-766.0	417.0	
REC: 3946	34.0	800.0	-766.0	417.0	
REC: 3946	34.0	800.0	-766.0	417.0	
REC: 3946	34.0	800.0	-766.0	417.0	
REC: 3946	34.0	800.0	-766.0	417.0	
REC: 3946	34.0	800.0	-766.0	417.0	
REC: 3946	34.0	800.0	-766.0	417.0	
REC: 3946	34.0	800.0	-766.0	417.0	
REC: 3946	34.0	800.0	-766.0	417.0	
REC: 3946	34.0	800.0	-766.0	417.0	
REC: 3946	34.0	800.0	-766.0	417.0	
REC: 3946	34.0	800.0	-766.0	417.0	
REC: 3946	34.0	800.0	-766.0	417.0	
REC: 3946	34.0	800.0	-766.0	417.0	
REC: 3946	34.0	800.0	-766.0	417.0	
REC: 3946	34.0	800.0	-766.0	417.0	
REC: 3946	34.0	800.0	-766.0	417.0	
REC: 3946	34.0	800.0	-766.0	417.0	
REC: 3946	34.0	800.0	-766.0	417.0	
REC: 3946	34.0	800.0	-766.0	417.0	
REC: 3946	34.0	800.0	-766.0	417.0	
REC: 3946	34.0	800.0	-766.0	417.0	
REC: 3946	34.0	800.0	-766.0	417.0	
REC: 3946	34.0	800.0	-766.0	417.0	
REC: 3946	34.0	800.0	-766.0	417.0	
REC: 3946	34.0	800.0	-766.0	417.0	
REC: 3946	34.0	800.0	-766.0	417.0	
REC: 3946	34.0	800.0	-766.0	417.0	
REC: 3946	34.0	800.0	-766.0	417.0	
REC: 3946	34.0	800.0	-766.0	417.0	
REC: 3946	34.0	800.0	-766.0	417.0	
REC: 3946	34.0	800.0	-766.0	417.0	
REC: 3946	34.0	800.0	-766.0	417.0	
REC: 3947	34.0	800.0	-766.0	417.0	
REC: 3947	34.0	800.0	-766.0	417.0	
REC: 3947	34.0	800.0	-766.0	417.0	
REC: 3947	34.0	800.0	-766.0	417.0	
REC: 3947	34.0	800.0	-766.0	417.0	
REC: 3947	34.0	800.0	-766.0	417.0	
REC: 3947	34.0	800.0	-766.0	417.0	
REC: 3947	34.0	800.0	-766.0	417.0	
REC: 3947	34.0	800.0	-766.0	417.0	
REC: 3947	34.0	800.0	-766.0	417.0	
REC: 3947	34.0	800.0	-766.0	417.0	
REC: 3947	34.0	800.0	-766.0	417.0	
REC: 3947	34.0	800.0	-766.0	417.0	
REC: 3947	34.0	800.0	-766.0	417.0	
REC: 3947	34.0	800.0	-766.0	417.0	
REC: 3947	34.0	800.0	-766.0	417.0	
REC: 3947	34.0	800.0	-766.0	417.0	
REC: 3947	34.0	800.0	-766.0	417.0	
REC: 3947	34.0	800.0	-766.0	417.0	
REC: 3947	34.0	800.0	-766.0	417.0	
REC: 3947	34.0	800.0	-766.0	417.0	
REC: 3947	34.0	800.0	-766.0	417.0	
REC: 3997	34.0	800.0	-766.0	417.0	
REC: 3997	34.0	800.0	-766.0	417.0	
REC: 3997	34.0	800.0	-766.0	417.0	
REC: 3997	34.0	800.0	-766.0	417.0	
REC: 3997	34.0	800.0	-766.0	417.0	
REC: 3997	34.0	800.0	-766.0	417.0	
REC: 3997	34.0	800.0	-766.0	417.0	
REC: 3997	34.0	800.0	-766.0	417.0	
REC: 3997	34.0	800.0	-766.0	417.0	
REC: 3997	34.0	800.0	-766.0	417.0	
REC: 3997	34.0	800.0	-766.0	417.0	
REC: 3997	34.0	800.0	-766.0	417.0	
REC: 3997	34.0	800.0	-766.0	417.0	
REC: 3997	34.0	800.0	-766.0	417.0	
REC: 3997	34.0	800.0	-766.0	417.0	
REC: 3997	34.0	800.0	-766.0	417.0	
REC: 3997	34.0	800.0	-766.0	417.0	
REC: 3997	34.0	800.0	-766.0	417.0	
REC: 3997	34.0	800.0	-766.0	417.0	
REC: 3997	34.0	800.0	-766.0	417.0	
REC: 3997	34.0	800.0	-766.0	417.0	
REC: 3997	34.0	800.0	-766.0	417.0	
REC: 3997	34.0	800.0	-766.0	417.0	
REC: 3997	34.0	800.0	-766.0	417.0	
REC: 3997	34.0	800.0	-766.0	417.0	
REC: 3997	34.0	800.0	-766.0	417.0	
REC: 3997	34.0	800.0	-766.0	417.0	
REC: 3997	34.0	800.0	-766.0	417.0	
REC: 3997	34.0	800.0	-766.0	417.0	
REC: 3997	34.0	800.0	-766.0	417.0	
REC: 3997	34.0	800.0	-766.0	417.0	
REC: 3997	34.0	800.0	-766.0	417.0	
REC: 3997	34.0	800.0	-766.0	417.0	
REC: 3997	34.0	800.0	-766.0	417.0	
REC: 3997	34.0	800.0	-766.0	417.0	
REC: 3997	34.0	800.0	-766.0	417.0	
REC: 3997	34.0	800.0	-766.0	417.0	
REC: 3997	34.0	800.0	-766.0	417.0	
REC: 3997	34.0	800.0	-766.0	417.0	
REC: 3997	34.0	800.0	-766.0	417.0	
REC: 3997	34.0	800.0	-766.0	417.0	
REC: 3997	34.0	800.0	-766.0	417.0	
REC: 3997	34.0	800.0	-766.0	417.0	
REC: 3997	34.0	800.0	-766.0	417.0	
REC: 3997	34.0	800.0	-766.0	417.0	
REC: 3997	34.0	800.0	-766.0	417.0	
REC: 3997	34.0	800.0	-766.0	417.0	
REC: 3997	34.0	800.0	-766.0	417.0	
REC: 3997	34.0	800.0	-766.0	417.0	
REC: 3997	34.0	800.0	-766.0	417.0	
REC: 3997	34.0	800.0	-766.0	417.0	
REC: 3997	34.0	800.0	-766.0	417.0	
REC: 3997	34.0	800.0	-766.0	417.0	
REC: 3997	34.0	800.0	-766.0	417.0	
REC: 3997	34.0	800.0	-766.0	417.0	
REC: 3997	34.0	800.0	-766.0	417.0	
REC: 3997	34.0	800.0	-766.0	417.0	
REC: 3997	34.0	800.0	-766.0	417.0	
REC: 3997	34.0	800.0	-766.0	417.0	
REC: 3998	34.0	800.0	-766.0	417.0	
REC: 3998	34.0	800.0	-766.0	417.0	
REC: 3998	34.0	800.0	-766.0	417.0	
REC: 3998	34.0	800.0	-766.0	417.0	
REC: 3998	34.0	800.0	-766.0	417.0	
REC: 3998	34.0	800.0	-766.0	417.0	
REC: 3998	34.0	800.0	-766.0	417.0	
REC: 3998	34.0	800.0	-766.0	417.0	
REC: 3998	34.0	800.0	-766.0	417.0	
REC: 3998	34.0	800.0	-766.0	417.0	
REC: 3998	34.0	800.0	-766.0	417.0	
REC: 3998	34.0	800.0	-766.0	417.0	
REC: 3998	34.0	800.0	-766.0	417.0	
REC: 3998	34.0	800.0	-766.0	417.0	
REC: 3998	34.0	800.0	-766.0	417.0	
REC: 3998	34.0	800.0	-766.0	417.0	
REC: 3998	34.0	800.0	-766.0	417.0	
REC: 3998	34.0	800.0	-766.0	417.0	
REC: 3998	34.0	800.0	-766.0	417.0	
REC: 3998	34.0	800.0	-766.0	417.0	
REC: 3998	34.0	800.0	-766.0	417.0	
REC: 3998	34.0	800.0	-766.0	417.0	
REC: 3998	34.0	800.0	-766.0	417.0	
REC: 3998	34.0	800.0	-766.0	417.0	
REC: 3998	34.0	800.0	-766.0	417.0	
REC: 3998	34.0	800.0	-766.0	417.0	
REC: 3998	34.0	800.0	-766.0	417.0	
REC: 3998	34.0	800.0	-766.0	417.0	
REC: 3998	34.0	800.0	-766.0	417.0	
REC: 3998	34.0	800.0	-766.0	417.0	
REC: 3998	34.0	800.0	-766.0	417.0	
REC: 3998	34.0	800.0	-766.0	417.0	
REC: 3998	34.0	800.0	-766.0	417.0	
REC: 3998	34.0	800.0	-766.0	417.0	
REC: 3998	34.0	800.0	-766.0	417.0	
REC: 3998	34.0	800.0	-766.0	417.0	
REC: 3998	34.0	800.0	-766.0	417.0	
REC: 3998	34.0	800.0	-766.0	417.0	
REC: 3998	34.0	800.0	-766.0	417.0	
REC: 3998	34.0	800.0	-766.0	417.0	
REC: 3998	34.0	800.0	-766.0	417.0	
REC: 4053	34.0	800.0	-766.0	417.0	
REC: 4054	34.0	800.0	-766.0	417.0	
REC: 4054	34.0	800.0	-766.0	417.0	
REC: 4054	34.0	800.0	-766.0	417.0	
REC: 4054	34.0	800.0	-766.0	417.0	
REC: 4054	34.0	800.0	-766.0	417.0	
REC: 4054	34.0	800.0	-766.0	417.0	
REC: 4054	34.0	800.0	-766.0	417.0	
REC: 4054	34.0	800.0	-766.0	417.0	
REC: 4054	34.0	800.0	-766.0	417.0	
REC: 4054	34.0	800.0	-766.0	417.0	
REC: 4054	34.0	800.0	-766.0	417.0	
REC: 4054	34.0	800.0	-766.0	417.0	
REC: 4054	34.0	800.0	-766.0	417.0	
REC: 4054	34.0	800.0	-766.0	417.0	
REC: 4054	34.0	800.0	-766.0	417.0	
REC: 4054	34.0	800.0	-766.0	417.0	
REC: 4054	34.0	800.0	-766.0	417.0	
REC: 4054	34.0	800.0	-766.0	417.0	
REC: 4054	34.0	800.0	-766.0	417.0	
REC: 4054	34.0	800.0	-766.0	417.0	
REC: 4054	34.0	800.0	-766.0	417.0	
REC: 4054	34.0	800.0	-766.0	417.0	
REC: 4054	34.0	800.0	-766.0	417.0	
REC: 4054	34.0	800.0	-766.0	417.0	
REC: 4054	34.0	800.0	-766.0	417.0	
REC: 4054	34.0	800.0	-766.0	417.0	
REC: 4054	34.0	800.0	-766.0	417.0	
REC: 4054	34.0	800.0	-766.0	417.0	
REC: 4054	34.0	800.0	-766.0	417.0	
REC: 4054	34.0	800.0	-766.0	417.0	
REC: 4054	34.0	800.0	-766.0	417.0	
REC: 4054	34.0	800.0	-766.0	417.0	
REC: 4054	34.0	800.0	-766.0	417.0	
REC: 4054	34.0	800.0	-766.0	417.0	
REC: 4054	34.0	800.0	-766.0	417.0	
REC: 4054	34.0	800.0	-766.0	417.0	
REC: 4054	34.0	800.0	-766.0	417.0	
REC: 4054	34.0	800.0	-766.0	417.0	
REC: 4054	34.0	800.0	-766.0	417.0	
REC: 4054	34.0	800.0	-766.0	417.0	
REC: 4054	34.0	800.0	-766.0	417.0	
REC: 4054	34.0	800.0	-766.0	417.0	
REC: 4054	34.0	800.0	-766.0	417.0	
REC: 4054	34.0	800.0	-766.0	417.0	
REC: 4054	34.0	800.0	-766.0	417.0	
REC: 4054	34.0	800.0	-766.0	417.0	
REC: 4054	34.0	800.0	-766.0	417.0	
REC: 4054	34.0	800.0	-766.0	417.0	
REC: 4054	34.0	800.0	-766.0	417.0	
REC: 4054	34.0	800.0	-766.0	417.0	
REC: 4054	34.0	800.0	-766.0	417.0	
REC: 4054	34.0	800.0	-766.0	417.0	
REC: 4054	34.0	800.0	-766.0	417.0	
REC: 4054	34.0	800.0	-766.0	417.0	
REC: 4054	34.0	800.0	-766.0	417.0	
REC: 4054	34.0	800.0	-766.0	417.0	
REC: 4054	34.0	800.0	-766.0	417.0	
REC: 4054	34.0	800.0	-766.0	417.0	
REC: 4054	34.0	800.0	-766.0	417.0	
REC: 4054	34.0	800.0	-766.0	417.0	
REC: 4054	34.0	800.0	-766.0	417.0	
REC: 4054	34.0	800.0	-766.0	417.0	
REC: 4054	34.0	800.0	-766.0	417.0	
REC: 4054	34.0	800.0	-766.0	417.0	
REC: 4054	34.0	800.0	-766.0	417.0	
REC: 4054	34.0	800.0	-766.0	417.0	
REC: 4054	34.0	800.0	-766.0	417.0	
REC: 4054	34.0	800.0	-766.0	417.0	
REC: 4054	34.0	800.0	-766.0	417.0	
REC: 4054	34.0	800.0	-766.0	417.0	
REC: 4054	34.0	800.0	-766.0	417.0	
REC: 4054	34.0	800.0	-766.0	417.0	
REC: 4054	34.0	800.0	-766.0	417.0	
REC: 4054	34.0	800.0	-766.0	417.0	
REC: 4054	34.0	800.0	-766.0	417.0	
REC: 4054	34.0	800.0	-766.0	417.0	
REC: 4054	34.0	800.0	-766.0	417.0	
REC: 4054	34.0	800.0	-766.0	417.0	
REC: 4054	34.0	800.0	-766.0	417.0	
REC: 4054	34.0	800.0	-766.0	417.0	
REC: 4054	34.0	800.0	-766.0	417.0	
REC: 4055	34.0	800.0	-766.0	417.0	
REC: 4055	34.0	800.0	-766.0	417.0	
REC: 4055	34.0	800.0	-766.0	417.0	
REC: 4055	34.0	800.0	-766.0	417.0	
REC: 4055	34.0	800.0	-766.0	417.0	
REC: 4055	34.0	800.0	-766.0	417.0	
REC: 4055	34.0	800.0	-766.0	417.0	
REC: 4055	34.0	800.0	-766.0	417.0	
REC: 4055	34.0	800.0	-766.0	417.0	
REC: 4055	34.0	800.0	-766.0	417.0	
REC: 4055	34.0	800.0	-766.0	417.0	
REC: 4055	34.0	800.0	-766.0	417.0	
REC: 4055	34.0	800.0	-766.0	417.0	
REC: 4055	34.0	800.0	-766.0	417.0	
REC: 4055	34.0	800.0	-766.0	417.0	
REC: 4055	34.0	800.0	-766.0	417.0	
REC: 4055	34.0	800.0	-766.0	417.0	
REC: 4055	34.0	800.0	-766.0	417.0	
REC: 4102	34.0	800.0	-766.0	417.0	
REC: 4103	34.0	800.0	-766.0	417.0	
REC: 4103	34.0	800.0	-766.0	417.0	
REC: 4103	34.0	800.0	-766.0	417.0	
REC: 4103	34.0	800.0	-766.0	417.0	
REC: 4103	34.0	800.0	-766.0	417.0	
REC: 4103	34.0	800.0	-766.0	417.0	
REC: 4103	34.0	800.0	-766.0	417.0	
REC: 4103	34.0	800.0	-766.0	417.0	
REC: 4103	34.0	800.0	-766.0	417.0	
REC: 4103	34.0	800.0	-766.0	417.0	
REC: 4103	34.0	800.0	-766.0	417.0	
REC: 4103	34.0	800.0	-766.0	417.0	
REC: 4103	34.0	800.0	-766.0	417.0	
REC: 4103	34.0	800.0	-766.0	417.0	
REC: 4103	34.0	800.0	-766.0	417.0	
REC: 4103	34.0	800.0	-766.0	417.0	
REC: 4103	34.0	800.0	-766.0	417.0	
REC: 4103	34.0	800.0	-766.0	417.0	
REC: 4103	34.0	800.0	-766.0	417.0	
REC: 4103	34.0	800.0	-766.0	417.0	
REC: 4103	34.0	800.0	-766.0	417.0	
REC: 4103	34.0	800.0	-766.0	417.0	
REC: 4103	34.0	800.0	-766.0	417.0	
REC: 4103	34.0	800.0	-766.0	417.0	
REC: 4103	34.0	800.0	-766.0	417.0	
REC: 4103	34.0	800.0	-766.0	417.0	
REC: 4103	34.0	800.0	-766.0	417.0	
REC: 4103	34.0	800.0	-766.0	417.0	
REC: 4103	34.0	800.0	-766.0	417.0	
REC: 4103	34.0	800.0	-766.0	417.0	
REC: 4103	34.0	800.0	-766.0	417.0	
REC: 4103	34.0	800.0	-766.0	417.0	
REC: 4103	34.0	800.0	-766.0	417.0	
REC: 4103	34.0	800.0	-766.0	417.0	
REC: 4103	34.0	800.0	-766.0	417.0	
REC: 4103	34.0	800.0	-766.0	417.0	
REC: 4103	34.0	800.0	-766.0	417.0	
REC: 4103	34.0	800.0	-766.0	417.0	
REC: 4103	34.0	800.0	-766.0	417.0	
REC: 4103	34.0	800.0	-766.0	417.0	
REC: 4103	34.0	800.0	-766.0	417.0	
REC: 4103	34.0	800.0	-766.0	417.0	
REC: 4103	34.0	800.0	-766.0	417.0	
REC: 4103	34.0	800.0	-766.0	417.0	
REC: 4103	34.0	800.0	-766.0	417.0	
REC: 4103	34.0	800.0	-766.0	417.0	
REC: 4103	34.0	800.0	-766.0	417.0	
REC: 4103	34.0	800.0	-766.0	417.0	
REC: 4103	34.0	800.0	-766.0	417.0	
REC: 4103	34.0	800.0	-766.0	417.0	
REC: 4103	34.0	800.0	-766.0	417.0	
REC: 4103	34.0	800.0	-766.0	417.0	
REC: 4103	34.0	800.0	-766.0	417.0	
REC: 4103	34.0	800.0	-766.0	417.0	
REC: 4103	34.0	800.0	-766.0	417.0	
REC: 4103	34.0	800.0	-766.0	417.0	
REC: 4103	34.0	800.0	-766.0	417.0	
REC: 4103	34.0	800.0	-766.0	417.0	
REC: 4103	34.0	800.0	-766.0	417.0	
REC: 4103	34.0	800.0	-766.0	417.0	
REC: 4103	34.0	800.0	-766.0	417.0	
REC: 4103	34.0	800.0	-766.0	417.0	
REC: 4103	34.0	800.0	-766.0	417.0	
REC: 4103	34.0	800.0	-766.0	417.0	
REC: 4103	34.0	800.0	-766.0	417.0	
REC: 4103	34.0	800.0	-766.0	417.0	
REC: 4103	34.0	800.0	-766.0	417.0	
REC: 4103	34.0	800.0	-766.0	417.0	
REC: 4103	34.0	800.0	-766.0	417.0	
REC: 4103	34.0	800.0	-766.0	417.0	
REC: 4103	34.0	800.0	-766.0	417.0	
REC: 4103	34.0	800.0	-766.0	417.0	
REC: 4103	34.0	800.0	-766.0	417.0	
REC: 4103	34.0	800.0	-766.0	417.0	
REC: 4103	34.0	800.0	-766.0	417.0	
REC: 4103	34.0	800.0	-766.0	417.0	
REC: 4103	34.0	800.0	-766.0	417.0	
REC: 4103	34.0	800.0	-766.0	417.0	
REC: 4103	34.0	800.0	-766.0	417.0	
REC: 4103	34.0	800.0	-766.0	417.0	
REC: 4103	34.0	800.0	-766.0	417.0	
REC: 4103	34.0	800.0	-766.0	417.0	
REC: 4103	34.0	800.0	-766.0	417.0	
REC: 4103	34.0	800.0	-766.0	417.0	
REC: 4103	34.0	800.0	-766.0	417.0	
REC: 4103	34.0	800.0	-766.0	417.0	
REC: 4103	34.0	800.0	-766.0	417.0	
REC: 4103	34.0	800.0	-766.0	417.0	
REC: 4103	34.0	800.0	-766.0	417.0	
REC: 4103	34.0	800.0	-766.0	417.0	
REC: 4103	34.0	800.0	-766.0	417.0	
REC: 4103	34.0	800.0	-766.0	417.0	
REC: 4103	34.0	800.0	-766.0	417.0	
REC: 4103	34.0	800.0	-766.0	417.0	
REC: 4103	34.0	800.0	-766.0	417.0	
REC: 4103	34.0	800.0	-766.0	417.0	
REC: 4103	34.0	800.0	-766.0	417.0	
REC: 4103	34.0	800.0	-766.0	417.0	
REC: 4103	34.0	800.0	-766.0	417.0	
REC: 4139	34.0	800.0	-766.0	417.0	
REC: 4140	34.0	800.0	-766.0	417.0	
REC: 4140	34.0	800.0	-766.0	417.0	
REC: 4140	34.0	800.0	-766.0	417.0	
REC: 4140	34.0	800.0	-766.0	417.0	
REC: 4140	34.0	800.0	-766.0	417.0	
REC: 4140	34.0	800.0	-766.0	417.0	
REC: 4140	34.0	800.0	-766.0	417.0	
REC: 4140	34.0	800.0	-766.0	417.0	
REC: 4140	34.0	800.0	-766.0	417.0	
REC: 4140	34.0	800.0	-766.0	417.0	
REC: 4140	34.0	800.0	-766.0	417.0	
REC: 4140	34.0	800.0	-766.0	417.0	
REC: 4140	34.0	800.0	-766.0	417.0	
REC: 4140	34.0	800.0	-766.0	417.0	
REC: 4140	34.0	800.0	-766.0	417.0	
REC: 4140	34.0	800.0	-766.0	417.0	
REC: 4140	34.0	800.0	-766.0	417.0	
REC: 4140	34.0	800.0	-766.0	417.0	
REC: 4140	34.0	800.0	-766.0	417.0	
REC: 4140	34.0	800.0	-766.0	417.0	
REC: 4140	34.0	800.0	-766.0	417.0	
REC: 4140	34.0	800.0	-766.0	417.0	
REC: 4140	34.0	800.0	-766.0	417.0	
REC: 4140	34.0	800.0	-766.0	417.0	
REC: 4140	34.0	800.0	-766.0	417.0	
REC: 4140	34.0	800.0	-766.0	417.0	
REC: 4140	34.0	800.0	-766.0	417.0	
REC: 4140	34.0	800.0	-766.0	417.0	
REC: 4140	34.0	800.0	-766.0	417.0	
REC: 4140	34.0	800.0	-766.0	417.0	
REC: 4140	34.0	800.0	-766.0	417.0	
REC: 4140	34.0	800.0	-766.0	417.0	
REC: 4140	34.0	800.0	-766.0	417.0	
REC: 4140	34.0	800.0	-766.0	417.0	
REC: 4140	34.0	800.0	-766.0	417.0	
REC: 4140	34.0	800.0	-766.0	417.0	
REC: 4140	34.0	800.0	-766.0	417.0	
REC: 4140	34.0	800.0	-766.0	417.0	
REC: 4140	34.0	800.0	-766.0	417.0	
REC: 4140	34.0	800.0	-766.0	417.0	
REC: 4141	34.0	800.0	-766.0	417.0	
REC: 4141	34.0	800.0	-766.0	417.0	
REC: 4141	34.0	800.0	-766.0	417.0	
REC: 4141	34.0	800.0	-766.0	417.0	
REC: 4141	34.0	800.0	-766.0	417.0	
REC: 4141	34.0	800.0	-766.0	417.0	
REC: 4141	34.0	800.0	-766.0	417.0	
REC: 4141	34.0	800.0	-766.0	417.0	
REC: 4141	34.0	800.0	-766.0	417.0	
REC: 4141	34.0	800.0	-766.0	417.0	
REC: 4141	34.0	800.0	-766.0	417.0	
REC: 4141	34.0	800.0	-766.0	417.0	
REC: 4141	34.0	800.0	-766.0	417.0	
REC: 4141	34.0	800.0	-766.0	417.0	
REC: 4141	34.0	800.0	-766.0	417.0	
REC: 4141	34.0	800.0	-766.0	417.0	
REC: 4141	34.0	800.0	-766.0	417.0	
REC: 4141	34.0	800.0	-766.0	417.0	
REC: 4141	34.0	800.0	-766.0	417.0	
REC: 4141	34.0	800.0	-766.0	417.0	
REC: 4141	34.0	800.0	-766.0	417.0	
REC: 4141	34.0	800.0	-766.0	417.0	
REC: 4141	34.0	800.0	-766.0	417.0	
REC: 4141	34.0	800.0	-766.0	417.0	
REC: 4141	34.0	800.0	-766.0	417.0	
REC: 4141	34.0	800.0	-766.0	417.0	
REC: 4141	34.0	800.0	-766.0	417.0	
REC: 4141	34.0	800.0	-766.0	417.0	
REC: 4141	34.0	800.0	-766.0	417.0	
REC: 4141	34.0	800.0	-766.0	417.0	
REC: 4141	34.0	800.0	-766.0	417.0	
REC: 4141	34.0	800.0	-766.0	417.0	
REC: 4141	34.0	800.0	-766.0	417.0	
REC: 4141	34.0	800.0	-766.0	417.0	
REC: 4141	34.0	800.0	-766.0	417.0	
REC: 4141	34.0	800.0	-766.0	417.0	
REC: 4141	34.0	800.0	-766.0	417.0	
REC: 4141	34.0	800.0	-766.0	417.0	
REC: 4141	34.0	800.0	-766.0	417.0	
REC: 4141	34.0	800.0	-766.0	417.0	
REC: 4141	34.0	800.0	-766.0	417.0	
REC: 4141	34.0	800.0	-766.0	417.0	
REC: 4141	34.0	800.0	-766.0	417.0	
REC: 4141	34.0	800.0	-766.0	417.0	
REC: 4141	34.0	800.0	-766.0	417.0	
REC: 4141	34.0	800.0	-766.0	417.0	
REC: 4141	34.0	800.0	-766.0	417.0	
REC: 4141	34.0	800.0	-766.0	417.0	
REC: 4141	34.0	800.0	-766.0	417.0	
REC: 4141	34.0	800.0	-766.0	417.0	
REC: 4141	34.0	800.0	-766.0	417.0	
REC: 4141	34.0	800.0	-766.0	417.0	
REC: 4141	34.0	800.0	-766.0	417.0	
REC: 4141	34.0	800.0	-766.0	417.0	
REC: 4141	34.0	800.0	-766.0	417.0	
REC: 4141	34.0	800.0	-766.0	417.0	
REC: 4141	34.0	800.0	-766.0	417.0	
REC: 4141	34.0	800.0	-766.0	417.0	
REC: 4141	34.0	800.0	-766.0	417.0	
REC: 4176	34.0	800.0	-766.0	417.0	
REC: 4176	34.0	800.0	-766.0	417.0	
REC: 4176	34.0	800.0	-766.0	417.0	
REC: 4176	34.0	800.0	-766.0	417.0	
REC: 4176	34.0	800.0	-766.0	417.0	
REC: 4176	34.0	800.0	-766.0	417.0	
REC: 4176	34.0	800.0	-766.0	417.0	
REC: 4176	34.0	800.0	-766.0	417.0	
REC: 4176	34.0	800.0	-766.0	417.0	
REC: 4176	34.0	800.0	-766.0	417.0	
REC: 4176	34.0	800.0	-766.0	417.0	
REC: 4176	34.0	800.0	-766.0	417.0	
REC: 4176	34.0	800.0	-766.0	417.0	
REC: 4176	34.0	800.0	-766.0	417.0	
REC: 4176	34.0	800.0	-766.0	417.0	
REC: 4176	34.0	800.0	-766.0	417.0	
REC: 4176	34.0	800.0	-766.0	417.0	
REC: 4176	34.0	800.0	-766.0	417.0	
REC: 4176	34.0	800.0	-766.0	417.0	
REC: 4176	34.0	800.0	-766.0	417.0	
REC: 4176	34.0	800.0	-766.0	417.0	
REC: 4177	34.0	800.0	-766.0	417.0	
REC: 4177	34.0	800.0	-766.0	417.0	
REC: 4177	34.0	800.0	-766.0	417.0	
REC: 4177	34.0	800.0	-766.0	417.0	
REC: 4177	34.0	800.0	-766.0	417.0	
REC: 4177	34.0	800.0	-766.0	417.0	
REC: 4177	34.0	800.0	-766.0	417.0	
REC: 4177	34.0	800.0	-766.0	417.0	
REC: 4177	34.0	800.0	-766.0	417.0	
REC: 4177	34.0	800.0	-766.0	417.0	
REC: 4177	34.0	800.0	-766.0	417.0	
REC: 4177	34.0	800.0	-766.0	417.0	
REC: 4177	34.0	800.0	-766.0	417.0	
REC: 4177	34.0	800.0	-766.0	417.0	
REC: 4177	34.0	800.0	-766.0	417.0	
REC: 4177	34.0	800.0	-766.0	417.0	
REC: 4177	34.0	800.0	-766.0	417.0	
REC: 4177	34.0	800.0	-766.0	417.0	
REC: 4177	34.0	800.0	-766.0	417.0	
REC: 4177	34.0	800.0	-766.0	417.0	
REC: 4177	34.0	800.0	-766.0	417.0	
REC: 4177	34.0	800.0	-766.0	417.0	
REC: 4177	34.0	800.0	-766.0	417.0	
REC: 4177	34.0	800.0	-766.0	417.0	
REC: 4177	34.0	800.0	-766.0	417.0	
REC: 4177	34.0	800.0	-766.0	417.0	
REC: 4177	34.0	800.0	-766.0	417.0	
REC: 4177	34.0	800.0	-766.0	417.0	
REC: 4177	34.0	800.0	-766.0	417.0	
REC: 4177	34.0	800.0	-766.0	417.0	
REC: 4177	34.0	800.0	-766.0	417.0	
REC: 4177	34.0	800.0	-766.0	417.0	
REC: 4177	34.0	800.0	-766.0	417.0	
REC: 4177	34.0	800.0	-766.0	417.0	
REC: 4177	34.0	800.0	-766.0	417.0	
REC: 4177	34.0	800.0	-766.0	417.0	
REC: 4177	34.0	800.0	-766.0	417.0	
REC: 4177	34.0	800.0	-766.0	417.0	
REC: 4177	34.0	800.0	-766.0	417.0	
REC: 4177	34.0	800.0	-766.0	417.0	
REC: 4177	34.0	800.0	-766.0	417.0	
REC: 4177	34.0	800.0	-766.0	417.0	
REC: 4177	34.0	800.0	-766.0	417.0	
REC: 4177	34.0	800.0	-766.0	417.0	
REC: 4177	34.0	800.0	-766.0	417.0	
REC: 4177	34.0	800.0	-766.0	417.0	
REC: 4177	34.0	800.0	-766.0	417.0	
REC: 4177	34.0	800.0	-766.0	417.0	
REC: 4177	34.0	800.0	-766.0	417.0	
REC: 4177	34.0	800.0	-766.0	417.0	
REC: 4177	34.0	800.0	-766.0	417.0	
REC: 4177	34.0	800.0	-766.0	417.0	
REC: 4177	34.0	800.0	-766.0	417.0	
REC: 4177	34.0	800.0	-766.0	417.0	
REC: 4177	34.0	800.0	-766.0	417.0	
REC: 4177	34.0	800.0	-766.0	417.0	
REC: 4177	34.0	800.0	-766.0	417.0	
REC: 4177	34.0	800.0	-766.0	417.0	
REC: 4177	34.0	800.0	-766.0	417.0	
REC: 4177	34.0	800.0	-766.0	417.0	
REC: 4177	34.0	800.0	-766.0	417.0	
REC: 4177	34.0	800.0	-766.0	417.0	
REC: 4177	34.0	800.0	-766.0	417.0	
REC: 4177	34.0	800.0	-766.0	417.0	
REC: 4177	34.0	800.0	-766.0	417.0	
REC: 4177	34.0	800.0	-766.0	417.0	
REC: 4177	34.0	800.0	-766.0	417.0	
REC: 4177	34.0	800.0	-766.0	417.0	
REC: 4177	34.0	800.0	-766.0	417.0	
REC: 4177	34.0	800.0	-766.0	417.0	
REC: 4177	34.0	800.0	-766.0	417.0	
REC: 4177	34.0	800.0	-766.0	417.0	
REC: 4177	34.0	800.0	-766.0	417.0	
REC: 4177	34.0	800.0	-766.0	417.0	
REC: 4177	34.0	800.0	-766.0	417.0	
REC: 4177	34.0	800.0	-766.0	417.0	
REC: 4177	34.0	800.0	-766.0	417.0	
REC: 4177	34.0	800.0	-766.0	417.0	
REC: 4177	34.0	800.0	-766.0	417.0	
REC: 4217	34.0	800.0	-766.0	417.0	
REC: 4217	34.0	800.0	-766.0	417.0	
REC: 4217	34.0	800.0	-766.0	417.0	
REC: 4217	34.0	800.0	-766.0	417.0	
REC: 4217	34.0	800.0	-766.0	417.0	
REC: 4217	34.0	800.0	-766.0	417.0	
REC: 4217	34.0	800.0	-766.0	417.0	
REC: 4217	34.0	800.0	-766.0	417.0	
REC: 4217	34.0	800.0	-766.0	417.0	
REC: 4217	34.0	800.0	-766.0	417.0	
REC: 4217	34.0	800.0	-766.0	417.0	
REC: 4217	34.0	800.0	-766.0	417.0	
REC: 4217	34.0	800.0	-766.0	417.0	
REC: 4217	34.0	800.0	-766.0	417.0	
REC: 4217	34.0	800.0	-766.0	417.0	
REC: 4217	34.0	800.0	-766.0	417.0	
REC: 4217	34.0	800.0	-766.0	417.0	
REC: 4217	34.0	800.0	-766.0	417.0	
REC: 4217	34.0	800.0	-766.0	417.0	
REC: 4217	34.0	800.0	-766.0	417.0	
REC: 4217	34.0	800.0	-766.0	417.0	
REC: 4217	34.0	800.0	-766.0	417.0	
REC: 4217	34.0	800.0	-766.0	417.0	
REC: 4217	34.0	800.0	-766.0	417.0	
REC: 4217	34.0	800.0	-766.0	417.0	
REC: 4217	34.0	800.0	-766.0	417.0	
REC: 4217	34.0	800.0	-766.0	417.0	
REC: 4217	34.0	800.0	-766.0	417.0	
REC: 4217	34.0	800.0	-766.0	417.0	
REC: 4217	34.0	800.0	-766.0	417.0	
REC: 4217	34.0	800.0	-766.0	417.0	
REC: 4217	34.0	800.0	-766.0	417.0	
REC: 4217	34.0	800.0	-766.0	417.0	
REC: 4217	34.0	800.0	-766.0	417.0	
REC: 4217	34.0	800.0	-766.0	417.0	
REC: 4217	34.0	800.0	-766.0	417.0	
REC: 4217	34.0	800.0	-766.0	417.0	
REC: 4217	34.0	800.0	-766.0	417.0	
REC: 4217	34.0	800.0	-766.0	417.0	
REC: 4217	34.0	800.0	-766.0	417.0	
REC: 4217	34.0	800.0	-766.0	417.0	
REC: 4217	34.0	800.0	-766.0	417.0	
REC: 4217	34.0	800.0	-766.0	417.0	
REC: 4217	34.0	800.0	-766.0	417.0	
REC: 4217	34.0	800.0	-766.0	417.0	
REC: 4217	34.0	800.0	-766.0	417.0	
REC: 4217	34.0	800.0	-766.0	417.0	
REC: 4217	34.0	800.0	-766.0	417.0	
REC: 4217	34.0	800.0	-766.0	417.0	
REC: 4217	34.0	800.0	-766.0	417.0	
REC: 4217	34.0	800.0	-766.0	417.0	
REC: 4217	34.0	800.0	-766.0	417.0	
REC: 4217	34.0	800.0	-766.0	417.0	
REC: 4217	34.0	800.0	-766.0	417.0	
REC: 4217	34.0	800.0	-766.0	417.0	
REC: 4217	34.0	800.0	-766.0	417.0	
REC: 4217	34.0	800.0	-766.0	417.0	
REC: 4217	34.0	800.0	-766.0	417.0	
REC: 4217	34.0	800.0	-766.0	417.0	
REC: 4217	34.0	800.0	-766.0	417.0	
REC: 4217	34.0	800.0	-766.0	417.0	
REC: 4217	34.0	800.0	-766.0	417.0	
REC: 4217	34.0	800.0	-766.0	417.0	
REC: 4217	34.0	800.0	-766.0	417.0	
REC: 4217	34.0	800.0	-766.0	417.0	
REC: 4217	34.0	800.0	-766.0	417.0	
REC: 4217	34.0	800.0	-766.0	417.0	
REC: 4217	34.0	800.0	-766.0	417.0	
REC: 4217	34.0	800.0	-766.0	417.0	
REC: 4217	34.0	800.0	-766.0	417.0	
REC: 4217	34.0	800.0	-766.0	417.0	
REC: 4217	34.0	800.0	-766.0	417.0	
REC: 4217	34.0	800.0	-766.0	417.0	
REC: 4217	34.0	800.0	-766.0	417.0	
REC: 4217	34.0	800.0	-766.0	417.0	
REC: 4217	34.0	800.0	-766.0	417.0	
REC: 4217	34.0	800.0	-766.0	417.0	
REC: 4217	34.0	800.0	-766.0	417.0	
REC: 4217	34.0	800.0	-766.0	417.0	
REC: 4217	34.0	800.0	-766.0	417.0	
REC: 4217	34.0	800.0	-766.0	417.0	
REC: 4217	34.0	800.0	-766.0	417.0	
REC: 4217	34.0	800.0	-766.0	417.0	
REC: 4217	34.0	800.0	-766.0	417.0	
REC: 4217	34.0	800.0	-766.0	417.0	
REC: 4217	34.0	800.0	-766.0	417.0	
REC: 4217	34.0	800.0	-766.0	417.0	
REC: 4217	34.0	800.0	-766.0	417.0	
REC: 4217	34.0	800.0	-766.0	417.0	
REC: 4217	34.0	800.0	-766.0	417.0	
REC: 4217	34.0	800.0	-766.0	417.0	
REC: 4217	34.0	800.0	-766.0	417.0	
REC: 4217	34.0	800.0	-766.0	417.0	
REC: 4217	34.0	800.0	-766.0	417.0	
REC: 4217	34.0	800.0	-766.0	417.0	
REC: 4217	34.0	800.0	-766.0	417.0	
REC: 4217	34.0	800.0	-766.0	417.0	
REC: 4217	34.0	800.0	-766.0	417.0	
REC: 4217	34.0	800.0	-766.0	417.0	
REC: 4217	34.0	800.0	-766.0	417.0	
