REC: 10234	532.0	650.0	-118.0	591.0	
REC: 10287	532.0	650.0	-118.0	591.0	
REC: 10334	531.0	650.0	-119.0	590.0	
REC: 10375	530.0	650.0	-120.0	590.0	
REC: 10412	530.0	650.0	-120.0	590.0	
REC: 10450	526.0	645.0	-119.0	585.0	
REC: 10487	520.0	638.0	-118.0	579.0	
REC: 10526	513.0	631.0	-118.0	572.0	
REC: 10563	507.0	622.0	-115.0	564.0	
REC: 10600	493.0	609.0	-116.0	551.0	
REC: 10637	461.0	578.0	-117.0	519.0	
REC: 10681	436.0	558.0	-122.0	497.0	
REC: 10721	407.0	532.0	-125.0	469.0	
REC: 10758	382.0	516.0	-134.0	449.0	
REC: 10796	371.0	511.0	-140.0	441.0	
REC: 10837	359.0	511.0	-152.0	435.0	
REC: 10878	347.0	511.0	-164.0	429.0	
REC: 10922	334.0	515.0	-181.0	424.0	
REC: 10961	309.0	524.0	-215.0	416.0	
REC: 10998	279.0	537.0	-258.0	408.0	
REC: 11036	244.0	556.0	-312.0	400.0	
REC: 11073	221.0	575.0	-354.0	398.0	
REC: 11110	206.0	598.0	-392.0	402.0	
REC: 11146	205.0	600.0	-395.0	402.0	
REC: 11184	205.0	600.0	-395.0	402.0	
REC: 11220	205.0	600.0	-395.0	402.0	
REC: 11257	204.0	600.0	-396.0	402.0	
REC: 11300	204.0	600.0	-396.0	402.0	
REC: 11339	204.0	600.0	-396.0	402.0	
REC: 11376	209.0	600.0	-391.0	404.0	
REC: 11413	249.0	617.0	-368.0	433.0	
REC: 11451	268.0	663.0	-395.0	465.0	
REC: 11487	308.0	882.0	-574.0	595.0	
REC: 11524	297.0	1019.0	-722.0	658.0	
REC: 11562	268.0	1046.0	-778.0	657.0	
REC: 11600	181.0	993.0	-812.0	587.0	
REC: 11638	96.0	735.0	-639.0	415.0	
REC: 11675	110.0	562.0	-452.0	336.0	
REC: 11713	235.0	302.0	-67.0	268.0	
REC: 11752	370.0	242.0	128.0	306.0	
REC: 11791	481.0	304.0	177.0	392.0	
REC: 11827	565.0	491.0	74.0	528.0	
REC: 11864	561.0	609.0	-48.0	585.0	
REC: 11903	512.0	683.0	-171.0	597.0	
REC: 11942	398.0	709.0	-311.0	553.0	
REC: 11981	315.0	638.0	-323.0	476.0	
REC: 12018	277.0	492.0	-215.0	384.0	
REC: 12059	307.0	305.0	2.0	306.0	
REC: 12102	451.0	233.0	218.0	342.0	
REC: 12140	586.0	293.0	293.0	439.0	
REC: 12178	680.0	548.0	132.0	614.0	
REC: 12217	636.0	756.0	-120.0	696.0	
REC: 12263	487.0	910.0	-423.0	698.0	
REC: 12302	322.0	818.0	-496.0	570.0	
REC: 12339	262.0	649.0	-387.0	455.0	
REC: 12383	310.0	421.0	-111.0	365.0	
REC: 12420	383.0	352.0	31.0	367.0	
REC: 12458	491.0	390.0	101.0	440.0	
REC: 12496	581.0	518.0	63.0	549.0	
REC: 12533	608.0	629.0	-21.0	618.0	
REC: 12571	547.0	759.0	-212.0	653.0	
REC: 12608	456.0	787.0	-331.0	621.0	
REC: 12646	393.0	773.0	-380.0	583.0	
REC: 12685	330.0	700.0	-370.0	515.0	
REC: 12723	311.0	597.0	-286.0	454.0	
REC: 12762	360.0	423.0	-63.0	391.0	
REC: 12800	539.0	296.0	243.0	417.0	
REC: 12837	686.0	346.0	340.0	516.0	
REC: 12875	770.0	593.0	177.0	681.0	
REC: 12912	724.0	748.0	-24.0	736.0	
REC: 12951	653.0	792.0	-139.0	722.0	
REC: 12988	540.0	751.0	-211.0	645.0	
REC: 13027	473.0	676.0	-203.0	574.0	
REC: 13066	427.0	509.0	-82.0	468.0	
REC: 13105	436.0	436.0	0.0	436.0	
REC: 13142	463.0	427.0	36.0	445.0	
REC: 13180	489.0	460.0	29.0	474.0	
REC: 13217	480.0	499.0	-19.0	489.0	
REC: 13256	459.0	559.0	-100.0	509.0	
REC: 13294	398.0	758.0	-360.0	578.0	
REC: 13331	360.0	833.0	-473.0	596.0	
REC: 13369	340.0	803.0	-463.0	571.0	
REC: 13406	340.0	803.0	-463.0	571.0	
REC: 13445	340.0	803.0	-463.0	571.0	
REC: 13482	340.0	803.0	-463.0	571.0	
REC: 13520	340.0	803.0	-463.0	571.0	
REC: 13557	340.0	803.0	-463.0	571.0	
REC: 13595	219.0	950.0	-731.0	584.0	
REC: 13633	176.0	951.0	-775.0	563.0	
REC: 13677	90.0	923.0	-833.0	506.0	
REC: 13719	69.0	811.0	-742.0	440.0	
REC: 13758	137.0	626.0	-489.0	381.0	
REC: 13795	262.0	516.0	-254.0	389.0	
REC: 13836	492.0	590.0	-98.0	541.0	
REC: 13874	594.0	803.0	-209.0	698.0	
REC: 13912	511.0	1099.0	-588.0	805.0	
REC: 13950	354.0	1175.0	-821.0	764.0	
REC: 13987	209.0	1104.0	-895.0	656.0	
REC: 14025	162.0	975.0	-813.0	568.0	
REC: 14062	220.0	847.0	-627.0	533.0	
REC: 14101	414.0	799.0	-385.0	606.0	
REC: 14139	540.0	904.0	-364.0	722.0	
REC: 14178	551.0	991.0	-440.0	771.0	
REC: 14217	464.0	1067.0	-603.0	765.0	
REC: 14255	360.0	1077.0	-717.0	718.0	
REC: 14294	289.0	1029.0	-740.0	659.0	
REC: 14332	276.0	971.0	-695.0	623.0	
REC: 14372	308.0	850.0	-542.0	579.0	
REC: 14409	403.0	752.0	-349.0	577.0	
REC: 14447	598.0	696.0	-98.0	647.0	
REC: 14486	808.0	776.0	32.0	792.0	
REC: 14526	839.0	840.0	-1.0	839.0	
REC: 14565	773.0	907.0	-134.0	840.0	
REC: 14603	582.0	940.0	-358.0	761.0	
REC: 14648	359.0	903.0	-544.0	631.0	
REC: 14688	306.0	822.0	-516.0	564.0	
REC: 14726	327.0	669.0	-342.0	498.0	
REC: 14765	465.0	464.0	1.0	464.0	
REC: 14804	577.0	467.0	110.0	522.0	
REC: 14842	702.0	636.0	66.0	669.0	
REC: 14879	713.0	832.0	-119.0	772.0	
REC: 14917	633.0	1027.0	-394.0	830.0	
REC: 14957	406.0	1146.0	-740.0	776.0	
REC: 14995	270.0	1144.0	-874.0	707.0	
REC: 15033	215.0	1096.0	-881.0	655.0	
REC: 15072	215.0	962.0	-747.0	588.0	
REC: 15110	315.0	782.0	-467.0	548.0	
REC: 15149	508.0	688.0	-180.0	598.0	
REC: 15187	608.0	747.0	-139.0	677.0	
REC: 15225	643.0	970.0	-327.0	806.0	
REC: 15263	582.0	1170.0	-588.0	876.0	
REC: 15301	471.0	1227.0	-756.0	849.0	
REC: 15339	313.0	1139.0	-826.0	726.0	
REC: 15378	239.0	967.0	-728.0	603.0	
REC: 15416	233.0	748.0	-515.0	490.0	
REC: 15454	389.0	498.0	-109.0	443.0	
REC: 15493	518.0	468.0	50.0	493.0	
REC: 15532	613.0	551.0	62.0	582.0	
REC: 15570	634.0	621.0	13.0	627.0	
REC: 15608	613.0	681.0	-68.0	647.0	
REC: 15646	510.0	752.0	-242.0	631.0	
REC: 15685	416.0	781.0	-365.0	598.0	
REC: 15722	376.0	778.0	-402.0	577.0	
REC: 15761	357.0	743.0	-386.0	550.0	
REC: 15800	346.0	666.0	-320.0	506.0	
REC: 15839	358.0	536.0	-178.0	447.0	
REC: 15878	414.0	393.0	21.0	403.0	
REC: 15916	518.0	360.0	158.0	439.0	
REC: 15956	575.0	389.0	186.0	482.0	
REC: 15995	609.0	429.0	180.0	519.0	
REC: 16034	609.0	435.0	174.0	522.0	
REC: 16073	609.0	435.0	174.0	522.0	
REC: 16111	609.0	435.0	174.0	522.0	
REC: 16150	609.0	435.0	174.0	522.0	
REC: 16188	609.0	435.0	174.0	522.0	
REC: 16226	609.0	435.0	174.0	522.0	
REC: 16265	609.0	435.0	174.0	522.0	
REC: 16303	609.0	435.0	174.0	522.0	
REC: 16341	609.0	435.0	174.0	522.0	
REC: 16379	609.0	435.0	174.0	522.0	
REC: 16417	609.0	435.0	174.0	522.0	
REC: 16455	609.0	435.0	174.0	522.0	
REC: 16493	609.0	435.0	174.0	522.0	
REC: 16531	609.0	435.0	174.0	522.0	
REC: 16569	609.0	435.0	174.0	522.0	
REC: 16608	625.0	451.0	174.0	538.0	
REC: 16648	668.0	512.0	156.0	590.0	
REC: 16686	693.0	578.0	115.0	635.0	
REC: 16725	714.0	677.0	37.0	695.0	
REC: 16762	725.0	756.0	-31.0	740.0	
REC: 16803	727.0	822.0	-95.0	774.0	
REC: 16842	726.0	906.0	-180.0	816.0	
REC: 16881	715.0	977.0	-262.0	846.0	
REC: 16921	695.0	1021.0	-326.0	858.0	
REC: 16959	663.0	1060.0	-397.0	861.0	
REC: 16998	634.0	1073.0	-439.0	853.0	
REC: 17040	598.0	1083.0	-485.0	840.0	
REC: 17079	566.0	1090.0	-524.0	828.0	
REC: 17118	521.0	1098.0	-577.0	809.0	
REC: 17157	479.0	1099.0	-620.0	789.0	
REC: 17196	395.0	1086.0	-691.0	740.0	
REC: 17234	329.0	1062.0	-733.0	695.0	
REC: 17272	280.0	1043.0	-763.0	661.0	
REC: 17311	240.0	1018.0	-778.0	629.0	
REC: 17353	208.0	1001.0	-793.0	604.0	
REC: 17393	181.0	983.0	-802.0	582.0	
REC: 17431	157.0	959.0	-802.0	558.0	
REC: 17470	144.0	945.0	-801.0	544.0	
REC: 17508	134.0	930.0	-796.0	532.0	
REC: 17547	129.0	909.0	-780.0	519.0	
REC: 17585	127.0	899.0	-772.0	513.0	
REC: 17624	125.0	885.0	-760.0	505.0	
REC: 17663	123.0	878.0	-755.0	500.0	
REC: 17702	122.0	873.0	-751.0	497.0	
REC: 17741	119.0	865.0	-746.0	492.0	
REC: 17779	119.0	862.0	-743.0	490.0	
REC: 17817	119.0	862.0	-743.0	490.0	
REC: 17855	119.0	862.0	-743.0	490.0	
REC: 17893	119.0	862.0	-743.0	490.0	
REC: 17932	119.0	862.0	-743.0	490.0	
REC: 17971	119.0	862.0	-743.0	490.0	
REC: 18009	119.0	862.0	-743.0	490.0	
REC: 18047	119.0	862.0	-743.0	490.0	
REC: 18085	119.0	862.0	-743.0	490.0	
REC: 18124	119.0	862.0	-743.0	490.0	
REC: 18162	119.0	862.0	-743.0	490.0	
REC: 18200	119.0	862.0	-743.0	490.0	
REC: 18238	119.0	862.0	-743.0	490.0	
REC: 18277	426.0	861.0	-435.0	643.0	
REC: 18316	682.0	861.0	-179.0	771.0	
REC: 18355	813.0	873.0	-60.0	843.0	
REC: 18394	820.0	874.0	-54.0	847.0	
REC: 18432	820.0	874.0	-54.0	847.0	
REC: 18470	820.0	874.0	-54.0	847.0	
REC: 18509	820.0	874.0	-54.0	847.0	
REC: 18547	820.0	874.0	-54.0	847.0	
REC: 18585	820.0	874.0	-54.0	847.0	
REC: 18623	820.0	874.0	-54.0	847.0	
REC: 18662	820.0	874.0	-54.0	847.0	
REC: 18702	820.0	874.0	-54.0	847.0	
REC: 18740	820.0	874.0	-54.0	847.0	
REC: 18778	820.0	874.0	-54.0	847.0	
REC: 18817	820.0	874.0	-54.0	847.0	
REC: 18856	820.0	874.0	-54.0	847.0	
REC: 18894	820.0	874.0	-54.0	847.0	
REC: 18932	820.0	874.0	-54.0	847.0	
REC: 18971	820.0	874.0	-54.0	847.0	
REC: 19010	820.0	874.0	-54.0	847.0	
REC: 19048	820.0	874.0	-54.0	847.0	
REC: 19088	820.0	874.0	-54.0	847.0	
REC: 19127	820.0	874.0	-54.0	847.0	
REC: 19166	792.0	878.0	-86.0	835.0	
REC: 19204	781.0	881.0	-100.0	831.0	
REC: 19244	771.0	895.0	-124.0	833.0	
REC: 19282	752.0	947.0	-195.0	849.0	
REC: 19321	730.0	1048.0	-318.0	889.0	
REC: 19360	711.0	1108.0	-397.0	909.0	
REC: 19399	670.0	1166.0	-496.0	918.0	
REC: 19438	631.0	1189.0	-558.0	910.0	
REC: 19477	580.0	1200.0	-620.0	890.0	
REC: 19515	498.0	1201.0	-703.0	849.0	
REC: 19554	440.0	1189.0	-749.0	814.0	
REC: 19593	361.0	1167.0	-806.0	764.0	
REC: 19633	318.0	1152.0	-834.0	735.0	
REC: 19674	282.0	1133.0	-851.0	707.0	
REC: 19714	264.0	1120.0	-856.0	692.0	
REC: 19753	255.0	1106.0	-851.0	680.0	
REC: 19792	246.0	1094.0	-848.0	670.0	
REC: 19832	228.0	1066.0	-838.0	647.0	
REC: 19870	216.0	1044.0	-828.0	630.0	
REC: 19910	198.0	1007.0	-809.0	602.0	
REC: 19948	193.0	979.0	-786.0	586.0	
REC: 19988	190.0	940.0	-750.0	565.0	
REC: 20026	186.0	910.0	-724.0	548.0	
REC: 20066	181.0	874.0	-693.0	527.0	
REC: 20105	181.0	834.0	-653.0	507.0	
REC: 20143	188.0	764.0	-576.0	476.0	
REC: 20183	208.0	721.0	-513.0	464.0	
REC: 20222	220.0	713.0	-493.0	466.0	
REC: 20261	249.0	712.0	-463.0	480.0	
REC: 20299	291.0	710.0	-419.0	500.0	
REC: 20339	348.0	701.0	-353.0	524.0	
REC: 20379	398.0	696.0	-298.0	547.0	
REC: 20418	466.0	693.0	-227.0	579.0	
REC: 20457	514.0	693.0	-179.0	603.0	
REC: 20495	579.0	701.0	-122.0	640.0	
REC: 20537	637.0	733.0	-96.0	685.0	
REC: 20589	705.0	810.0	-105.0	757.0	
REC: 20633	724.0	952.0	-228.0	838.0	
REC: 20672	663.0	1134.0	-471.0	898.0	
REC: 20713	602.0	1248.0	-646.0	925.0	
REC: 20755	515.0	1336.0	-821.0	925.0	
REC: 20792	455.0	1355.0	-900.0	905.0	
REC: 20833	391.0	1356.0	-965.0	873.0	
REC: 20871	342.0	1344.0	-1002.0	843.0	
REC: 20910	280.0	1323.0	-1043.0	801.0	
REC: 20951	239.0	1309.0	-1070.0	774.0	
REC: 20990	182.0	1285.0	-1103.0	733.0	
REC: 21029	141.0	1259.0	-1118.0	700.0	
REC: 21069	110.0	1225.0	-1115.0	667.0	
REC: 21110	88.0	1195.0	-1107.0	641.0	
REC: 21149	78.0	1169.0	-1091.0	623.0	
REC: 21189	73.0	1140.0	-1067.0	606.0	
REC: 21228	71.0	1051.0	-980.0	561.0	
REC: 21268	78.0	999.0	-921.0	538.0	
REC: 21307	96.0	931.0	-835.0	513.0	
REC: 21348	123.0	869.0	-746.0	496.0	
REC: 21387	194.0	752.0	-558.0	473.0	
REC: 21427	253.0	685.0	-432.0	469.0	
REC: 21467	323.0	640.0	-317.0	481.0	
REC: 21507	436.0	604.0	-168.0	520.0	
REC: 21546	508.0	600.0	-92.0	554.0	
REC: 21585	589.0	627.0	-38.0	608.0	
REC: 21624	634.0	659.0	-25.0	646.0	
REC: 21663	673.0	727.0	-54.0	700.0	
REC: 21703	688.0	788.0	-100.0	738.0	
REC: 21743	706.0	927.0	-221.0	816.0	
REC: 21783	708.0	1022.0	-314.0	865.0	
REC: 21823	675.0	1140.0	-465.0	907.0	
REC: 21864	628.0	1208.0	-580.0	918.0	
REC: 21903	545.0	1269.0	-724.0	907.0	
REC: 21942	486.0	1292.0	-806.0	889.0	
REC: 21982	409.0	1296.0	-887.0	852.0	
REC: 22021	364.0	1290.0	-926.0	827.0	
REC: 22061	318.0	1276.0	-958.0	797.0	
REC: 22100	287.0	1259.0	-972.0	773.0	
REC: 22140	252.0	1229.0	-977.0	740.0	
REC: 22179	237.0	1209.0	-972.0	723.0	
REC: 22218	217.0	1177.0	-960.0	697.0	
REC: 22257	210.0	1155.0	-945.0	682.0	
REC: 22297	205.0	1122.0	-917.0	663.0	
REC: 22337	205.0	1078.0	-873.0	641.0	
REC: 22377	209.0	1039.0	-830.0	624.0	
REC: 22417	218.0	1001.0	-783.0	609.0	
REC: 22457	227.0	971.0	-744.0	599.0	
REC: 22496	245.0	927.0	-682.0	586.0	
REC: 22536	256.0	904.0	-648.0	580.0	
REC: 22576	273.0	874.0	-601.0	573.0	
REC: 22616	292.0	840.0	-548.0	566.0	
REC: 22656	320.0	787.0	-467.0	553.0	
REC: 22695	342.0	746.0	-404.0	544.0	
REC: 22736	384.0	698.0	-314.0	541.0	
REC: 22776	421.0	674.0	-253.0	547.0	
REC: 22817	456.0	662.0	-206.0	559.0	
REC: 22856	488.0	662.0	-174.0	575.0	
REC: 22896	520.0	675.0	-155.0	597.0	
REC: 22935	538.0	692.0	-154.0	615.0	
REC: 22975	548.0	714.0	-166.0	631.0	
REC: 23015	567.0	793.0	-226.0	680.0	
REC: 23054	576.0	868.0	-292.0	722.0	
REC: 23094	571.0	958.0	-387.0	764.0	
REC: 23134	552.0	996.0	-444.0	774.0	
REC: 23174	521.0	1020.0	-499.0	770.0	
REC: 23214	490.0	1027.0	-537.0	758.0	
REC: 23253	435.0	1029.0	-594.0	732.0	
REC: 23295	370.0	1018.0	-648.0	694.0	
REC: 23342	269.0	985.0	-716.0	627.0	
REC: 23388	211.0	939.0	-728.0	575.0	
REC: 23436	203.0	922.0	-719.0	562.0	
REC: 23481	201.0	906.0	-705.0	553.0	
REC: 23521	210.0	873.0	-663.0	541.0	
REC: 23562	224.0	839.0	-615.0	531.0	
REC: 23603	252.0	792.0	-540.0	522.0	
REC: 23643	300.0	745.0	-445.0	522.0	
REC: 23683	336.0	721.0	-385.0	528.0	
REC: 23723	383.0	705.0	-322.0	544.0	
REC: 23764	421.0	703.0	-282.0	562.0	
REC: 23805	452.0	714.0	-262.0	583.0	
REC: 23848	464.0	727.0	-263.0	595.0	
REC: 23887	465.0	727.0	-262.0	596.0	
REC: 23927	465.0	727.0	-262.0	596.0	
REC: 23967	465.0	727.0	-262.0	596.0	
REC: 24007	465.0	727.0	-262.0	596.0	
REC: 24046	465.0	727.0	-262.0	596.0	
REC: 24085	465.0	727.0	-262.0	596.0	
REC: 24125	465.0	727.0	-262.0	596.0	
REC: 24164	465.0	727.0	-262.0	596.0	
REC: 24204	465.0	727.0	-262.0	596.0	
REC: 24244	465.0	727.0	-262.0	596.0	
REC: 24283	465.0	727.0	-262.0	596.0	
REC: 24324	527.0	760.0	-233.0	643.0	
REC: 24364	601.0	821.0	-220.0	711.0	
REC: 24403	606.0	837.0	-231.0	721.0	
REC: 24443	574.0	869.0	-295.0	721.0	
REC: 24483	482.0	909.0	-427.0	695.0	
REC: 24524	254.0	880.0	-626.0	567.0	
REC: 24563	134.0	770.0	-636.0	452.0	
REC: 24603	90.0	578.0	-488.0	334.0	
REC: 24643	159.0	399.0	-240.0	279.0	
REC: 24685	306.0	279.0	27.0	292.0	
REC: 24725	425.0	299.0	126.0	362.0	
REC: 24766	486.0	431.0	55.0	458.0	
REC: 24807	457.0	635.0	-178.0	546.0	
REC: 24847	363.0	691.0	-328.0	527.0	
REC: 24887	299.0	644.0	-345.0	471.0	
REC: 24927	268.0	480.0	-212.0	374.0	
REC: 24967	329.0	253.0	76.0	291.0	
REC: 25010	443.0	133.0	310.0	288.0	
REC: 25050	504.0	164.0	340.0	334.0	
REC: 25091	555.0	260.0	295.0	407.0	
REC: 25131	567.0	400.0	167.0	483.0	
REC: 25170	473.0	504.0	-31.0	488.0	
REC: 25210	259.0	556.0	-297.0	407.0	
REC: 25250	184.0	518.0	-334.0	351.0	
REC: 25290	150.0	431.0	-281.0	290.0	
REC: 25331	205.0	297.0	-92.0	251.0	
REC: 25371	304.0	239.0	65.0	271.0	
REC: 25411	460.0	297.0	163.0	378.0	
REC: 25451	513.0	414.0	99.0	463.0	
REC: 25491	449.0	695.0	-246.0	572.0	
REC: 25531	334.0	811.0	-477.0	572.0	
REC: 25571	289.0	794.0	-505.0	541.0	
REC: 25611	291.0	709.0	-418.0	500.0	
REC: 25653	421.0	488.0	-67.0	454.0	
REC: 25693	471.0	463.0	8.0	467.0	
REC: 25733	464.0	518.0	-54.0	491.0	
REC: 25775	388.0	696.0	-308.0	542.0	
REC: 25816	380.0	714.0	-334.0	547.0	
REC: 25856	380.0	714.0	-334.0	547.0	
REC: 25897	374.0	694.0	-320.0	534.0	
REC: 25937	371.0	658.0	-287.0	514.0	
REC: 25978	366.0	420.0	-54.0	393.0	
REC: 26019	352.0	239.0	113.0	295.0	
REC: 26059	346.0	199.0	147.0	272.0	
REC: 26100	340.0	163.0	177.0	251.0	
REC: 26140	338.0	127.0	211.0	232.0	
REC: 26180	338.0	67.0	271.0	202.0	
REC: 26222	338.0	33.0	305.0	185.0	
REC: 26262	340.0	9.0	331.0	174.0	
REC: 26303	340.0	9.0	331.0	174.0	
REC: 26344	340.0	9.0	331.0	174.0	
REC: 26384	340.0	9.0	331.0	174.0	
REC: 26424	340.0	9.0	331.0	174.0	
REC: 26465	340.0	25.0	315.0	182.0	
REC: 26506	309.0	117.0	192.0	213.0	
REC: 26546	267.0	179.0	88.0	223.0	
REC: 26587	218.0	235.0	-17.0	226.0	
REC: 26627	185.0	264.0	-79.0	224.0	
REC: 26667	179.0	271.0	-92.0	225.0	
REC: 26709	172.0	299.0	-127.0	235.0	
REC: 26750	187.0	357.0	-170.0	272.0	
REC: 26790	219.0	407.0	-188.0	313.0	
REC: 26836	258.0	494.0	-236.0	376.0	
REC: 26883	283.0	571.0	-288.0	427.0	
REC: 26930	304.0	650.0	-346.0	477.0	
REC: 26977	345.0	809.0	-464.0	577.0	
REC: 27022	388.0	1047.0	-659.0	717.0	
REC: 27065	392.0	1273.0	-881.0	832.0	
REC: 27106	360.0	1380.0	-1020.0	870.0	
REC: 27146	279.0	1435.0	-1156.0	857.0	
REC: 27186	212.0	1422.0	-1210.0	817.0	
REC: 27227	168.0	1393.0	-1225.0	780.0	
REC: 27268	136.0	1343.0	-1207.0	739.0	
REC: 27308	126.0	1283.0	-1157.0	704.0	
REC: 27349	126.0	1148.0	-1022.0	637.0	
REC: 27389	138.0	1044.0	-906.0	591.0	
REC: 27429	172.0	895.0	-723.0	533.0	
REC: 27471	223.0	767.0	-544.0	495.0	
REC: 27512	261.0	700.0	-439.0	480.0	
REC: 27553	308.0	640.0	-332.0	474.0	
REC: 27594	343.0	606.0	-263.0	474.0	
REC: 27635	371.0	594.0	-223.0	482.0	
REC: 27676	430.0	586.0	-156.0	508.0	
REC: 27719	524.0	620.0	-96.0	572.0	
REC: 27760	607.0	682.0	-75.0	644.0	
REC: 27802	687.0	830.0	-143.0	758.0	
REC: 27843	687.0	1107.0	-420.0	897.0	
REC: 27885	571.0	1303.0	-732.0	937.0	
REC: 27925	464.0	1338.0	-874.0	901.0	
REC: 27965	329.0	1310.0	-981.0	819.0	
REC: 28007	262.0	1245.0	-983.0	753.0	
REC: 28047	231.0	1065.0	-834.0	648.0	
REC: 28088	301.0	717.0	-416.0	509.0	
REC: 28128	407.0	546.0	-139.0	476.0	
REC: 28169	519.0	523.0	-4.0	521.0	
REC: 28210	606.0	595.0	11.0	600.0	
REC: 28251	681.0	882.0	-201.0	781.0	
REC: 28292	607.0	1117.0	-510.0	862.0	
REC: 28332	533.0	1167.0	-634.0	850.0	
REC: 28373	422.0	1153.0	-731.0	787.0	
REC: 28413	358.0	1106.0	-748.0	732.0	
REC: 28456	312.0	973.0	-661.0	642.0	
REC: 28497	363.0	719.0	-356.0	541.0	
REC: 28538	480.0	621.0	-141.0	550.0	
REC: 28579	572.0	655.0	-83.0	613.0	
REC: 28620	673.0	880.0	-207.0	776.0	
REC: 28660	697.0	1165.0	-468.0	931.0	
REC: 28701	680.0	1214.0	-534.0	947.0	
REC: 28741	578.0	1217.0	-639.0	897.0	
REC: 28783	442.0	1139.0	-697.0	790.0	
REC: 28826	342.0	1041.0	-699.0	691.0	
REC: 28868	323.0	989.0	-666.0	656.0	
REC: 28907	327.0	944.0	-617.0	635.0	
REC: 28948	328.0	942.0	-614.0	635.0	
REC: 28989	330.0	942.0	-612.0	636.0	
REC: 29030	330.0	942.0	-612.0	636.0	
REC: 29071	330.0	942.0	-612.0	636.0	
REC: 29112	330.0	942.0	-612.0	636.0	
REC: 29153	330.0	942.0	-612.0	636.0	
REC: 29193	330.0	942.0	-612.0	636.0	
REC: 29234	330.0	942.0	-612.0	636.0	
REC: 29274	330.0	942.0	-612.0	636.0	
REC: 29315	330.0	942.0	-612.0	636.0	
REC: 29355	330.0	942.0	-612.0	636.0	
REC: 29397	330.0	942.0	-612.0	636.0	
REC: 29437	330.0	942.0	-612.0	636.0	
REC: 29478	330.0	942.0	-612.0	636.0	
REC: 29518	330.0	942.0	-612.0	636.0	
REC: 29560	330.0	942.0	-612.0	636.0	
REC: 29600	330.0	942.0	-612.0	636.0	
REC: 29640	330.0	942.0	-612.0	636.0	
REC: 29683	330.0	942.0	-612.0	636.0	
REC: 29724	330.0	942.0	-612.0	636.0	
REC: 29765	330.0	942.0	-612.0	636.0	
REC: 29806	330.0	942.0	-612.0	636.0	
REC: 29847	330.0	942.0	-612.0	636.0	
REC: 29888	330.0	942.0	-612.0	636.0	
REC: 29929	330.0	942.0	-612.0	636.0	
REC: 29969	330.0	942.0	-612.0	636.0	
REC: 30011	330.0	942.0	-612.0	636.0	
REC: 30051	330.0	942.0	-612.0	636.0	
REC: 30092	330.0	942.0	-612.0	636.0	
REC: 30134	330.0	942.0	-612.0	636.0	
REC: 30175	330.0	942.0	-612.0	636.0	
REC: 30216	330.0	942.0	-612.0	636.0	
REC: 30256	330.0	942.0	-612.0	636.0	
REC: 30296	330.0	942.0	-612.0	636.0	
REC: 30338	330.0	942.0	-612.0	636.0	
REC: 30378	330.0	942.0	-612.0	636.0	
REC: 30419	330.0	942.0	-612.0	636.0	
REC: 30460	330.0	942.0	-612.0	636.0	
REC: 30502	330.0	942.0	-612.0	636.0	
REC: 30542	330.0	942.0	-612.0	636.0	
REC: 30582	330.0	942.0	-612.0	636.0	
REC: 30622	330.0	942.0	-612.0	636.0	
REC: 30663	330.0	942.0	-612.0	636.0	
REC: 30704	330.0	942.0	-612.0	636.0	
REC: 30745	330.0	942.0	-612.0	636.0	
REC: 30786	227.0	939.0	-712.0	583.0	
REC: 30828	180.0	910.0	-730.0	545.0	
REC: 30870	162.0	858.0	-696.0	510.0	
REC: 30911	228.0	809.0	-581.0	518.0	
REC: 30958	454.0	770.0	-316.0	612.0	
REC: 31000	500.0	805.0	-305.0	652.0	
REC: 31042	435.0	875.0	-440.0	655.0	
REC: 31083	199.0	880.0	-681.0	539.0	
REC: 31123	156.0	835.0	-679.0	495.0	
REC: 31165	239.0	788.0	-549.0	513.0	
REC: 31205	447.0	784.0	-337.0	615.0	
REC: 31247	454.0	825.0	-371.0	639.0	
REC: 31288	287.0	931.0	-644.0	609.0	
REC: 31329	228.0	917.0	-689.0	572.0	
REC: 31370	292.0	872.0	-580.0	582.0	
REC: 31411	418.0	846.0	-428.0	632.0	
REC: 31454	376.0	889.0	-513.0	632.0	
REC: 31495	252.0	909.0	-657.0	580.0	
REC: 31537	273.0	860.0	-587.0	566.0	
REC: 31578	398.0	756.0	-358.0	577.0	
REC: 31620	433.0	736.0	-303.0	584.0	
REC: 31662	295.0	801.0	-506.0	548.0	
REC: 31704	244.0	802.0	-558.0	523.0	
REC: 31745	357.0	691.0	-334.0	524.0	
REC: 31786	413.0	668.0	-255.0	540.0	
REC: 31828	406.0	697.0	-291.0	551.0	
REC: 31869	397.0	704.0	-307.0	550.0	
REC: 31909	397.0	704.0	-307.0	550.0	
REC: 31951	397.0	704.0	-307.0	550.0	
REC: 31992	397.0	704.0	-307.0	550.0	
REC: 32034	397.0	704.0	-307.0	550.0	
REC: 32074	397.0	704.0	-307.0	550.0	
REC: 32115	397.0	704.0	-307.0	550.0	
REC: 32155	397.0	704.0	-307.0	550.0	
REC: 32196	397.0	704.0	-307.0	550.0	
REC: 32236	397.0	704.0	-307.0	550.0	
REC: 32277	397.0	704.0	-307.0	550.0	
REC: 32320	397.0	704.0	-307.0	550.0	
REC: 32361	397.0	704.0	-307.0	550.0	
REC: 32402	397.0	704.0	-307.0	550.0	
REC: 32443	397.0	704.0	-307.0	550.0	
REC: 32485	397.0	704.0	-307.0	550.0	
REC: 32525	397.0	704.0	-307.0	550.0	
REC: 32567	397.0	704.0	-307.0	550.0	
REC: 32608	397.0	704.0	-307.0	550.0	
REC: 32649	397.0	704.0	-307.0	550.0	
REC: 32690	397.0	704.0	-307.0	550.0	
REC: 32733	397.0	704.0	-307.0	550.0	
REC: 32773	397.0	704.0	-307.0	550.0	
REC: 32816	397.0	704.0	-307.0	550.0	
REC: 32857	397.0	704.0	-307.0	550.0	
REC: 32898	397.0	704.0	-307.0	550.0	
REC: 32940	397.0	704.0	-307.0	550.0	
REC: 32981	397.0	704.0	-307.0	550.0	
REC: 33022	397.0	704.0	-307.0	550.0	
REC: 33062	397.0	704.0	-307.0	550.0	
REC: 33103	397.0	704.0	-307.0	550.0	
REC: 33144	397.0	704.0	-307.0	550.0	
REC: 33185	397.0	704.0	-307.0	550.0	
REC: 33226	397.0	704.0	-307.0	550.0	
REC: 33267	397.0	704.0	-307.0	550.0	
REC: 33307	397.0	704.0	-307.0	550.0	
REC: 33349	397.0	704.0	-307.0	550.0	
REC: 33390	397.0	704.0	-307.0	550.0	
REC: 33431	397.0	704.0	-307.0	550.0	
REC: 33471	397.0	704.0	-307.0	550.0	
REC: 33512	397.0	704.0	-307.0	550.0	
REC: 33553	397.0	704.0	-307.0	550.0	
REC: 33594	397.0	704.0	-307.0	550.0	
REC: 33635	397.0	704.0	-307.0	550.0	
REC: 33676	397.0	704.0	-307.0	550.0	
REC: 33718	397.0	704.0	-307.0	550.0	
REC: 33759	397.0	704.0	-307.0	550.0	
REC: 33800	397.0	704.0	-307.0	550.0	
REC: 33841	397.0	704.0	-307.0	550.0	
REC: 33883	397.0	704.0	-307.0	550.0	
REC: 33924	397.0	704.0	-307.0	550.0	
REC: 33964	397.0	704.0	-307.0	550.0	
REC: 34005	397.0	704.0	-307.0	550.0	
REC: 34045	397.0	704.0	-307.0	550.0	
REC: 34092	397.0	704.0	-307.0	550.0	
REC: 34133	397.0	704.0	-307.0	550.0	
REC: 34174	397.0	704.0	-307.0	550.0	
REC: 34215	397.0	704.0	-307.0	550.0	
REC: 34256	397.0	704.0	-307.0	550.0	
REC: 34297	397.0	704.0	-307.0	550.0	
REC: 34339	397.0	704.0	-307.0	550.0	
REC: 34381	397.0	704.0	-307.0	550.0	
REC: 34424	397.0	704.0	-307.0	550.0	
REC: 34465	397.0	704.0	-307.0	550.0	
REC: 34505	397.0	704.0	-307.0	550.0	
REC: 34546	397.0	704.0	-307.0	550.0	
REC: 34587	397.0	704.0	-307.0	550.0	
REC: 34628	397.0	704.0	-307.0	550.0	
REC: 34669	397.0	704.0	-307.0	550.0	
REC: 34712	397.0	704.0	-307.0	550.0	
REC: 34753	397.0	704.0	-307.0	550.0	
REC: 34795	397.0	704.0	-307.0	550.0	
REC: 34841	397.0	704.0	-307.0	550.0	
REC: 34882	397.0	704.0	-307.0	550.0	
REC: 34923	397.0	704.0	-307.0	550.0	
REC: 34964	397.0	704.0	-307.0	550.0	
REC: 35005	397.0	704.0	-307.0	550.0	
REC: 35046	397.0	704.0	-307.0	550.0	
REC: 35087	397.0	704.0	-307.0	550.0	
REC: 35128	397.0	704.0	-307.0	550.0	
REC: 35169	397.0	704.0	-307.0	550.0	
REC: 35210	397.0	704.0	-307.0	550.0	
REC: 35251	397.0	704.0	-307.0	550.0	
REC: 35292	397.0	704.0	-307.0	550.0	
REC: 35333	397.0	704.0	-307.0	550.0	
REC: 35374	397.0	704.0	-307.0	550.0	
REC: 35415	397.0	704.0	-307.0	550.0	
REC: 35456	397.0	704.0	-307.0	550.0	
REC: 35496	397.0	704.0	-307.0	550.0	
REC: 35537	397.0	704.0	-307.0	550.0	
REC: 35578	397.0	704.0	-307.0	550.0	
REC: 35620	397.0	704.0	-307.0	550.0	
REC: 35661	397.0	704.0	-307.0	550.0	
REC: 35702	397.0	704.0	-307.0	550.0	
REC: 35742	397.0	704.0	-307.0	550.0	
REC: 35784	397.0	704.0	-307.0	550.0	
REC: 35826	397.0	704.0	-307.0	550.0	
REC: 35867	397.0	704.0	-307.0	550.0	
REC: 35908	397.0	704.0	-307.0	550.0	
REC: 35950	397.0	704.0	-307.0	550.0	
REC: 35991	397.0	704.0	-307.0	550.0	
REC: 36032	397.0	704.0	-307.0	550.0	
REC: 36073	397.0	704.0	-307.0	550.0	
REC: 36113	397.0	704.0	-307.0	550.0	
REC: 36154	397.0	704.0	-307.0	550.0	
REC: 36195	397.0	704.0	-307.0	550.0	
REC: 36235	397.0	704.0	-307.0	550.0	
REC: 36276	397.0	704.0	-307.0	550.0	
REC: 36318	397.0	704.0	-307.0	550.0	
REC: 36359	397.0	704.0	-307.0	550.0	
REC: 36401	397.0	704.0	-307.0	550.0	
REC: 36442	397.0	704.0	-307.0	550.0	
REC: 36484	397.0	704.0	-307.0	550.0	
REC: 36525	397.0	704.0	-307.0	550.0	
REC: 36566	397.0	704.0	-307.0	550.0	
REC: 36606	397.0	704.0	-307.0	550.0	
REC: 36647	397.0	704.0	-307.0	550.0	
REC: 36687	397.0	704.0	-307.0	550.0	
REC: 36729	397.0	704.0	-307.0	550.0	
REC: 36770	397.0	704.0	-307.0	550.0	
REC: 36811	397.0	704.0	-307.0	550.0	
REC: 36852	397.0	704.0	-307.0	550.0	
REC: 36894	397.0	704.0	-307.0	550.0	
REC: 36934	397.0	704.0	-307.0	550.0	
REC: 36976	397.0	704.0	-307.0	550.0	
REC: 37017	397.0	704.0	-307.0	550.0	
REC: 37058	397.0	704.0	-307.0	550.0	
REC: 37100	397.0	704.0	-307.0	550.0	
REC: 37140	397.0	704.0	-307.0	550.0	
REC: 37181	397.0	704.0	-307.0	550.0	
REC: 37222	397.0	704.0	-307.0	550.0	
REC: 37264	397.0	704.0	-307.0	550.0	
REC: 37304	397.0	704.0	-307.0	550.0	
REC: 37345	397.0	704.0	-307.0	550.0	
REC: 37385	397.0	704.0	-307.0	550.0	
REC: 37426	397.0	704.0	-307.0	550.0	
REC: 37468	397.0	704.0	-307.0	550.0	
REC: 37509	397.0	704.0	-307.0	550.0	
REC: 37550	397.0	704.0	-307.0	550.0	
REC: 37591	397.0	704.0	-307.0	550.0	
REC: 37632	397.0	704.0	-307.0	550.0	
REC: 37673	397.0	704.0	-307.0	550.0	
REC: 37714	397.0	704.0	-307.0	550.0	
REC: 37754	397.0	704.0	-307.0	550.0	
REC: 37795	397.0	704.0	-307.0	550.0	
REC: 37836	397.0	704.0	-307.0	550.0	
REC: 37877	397.0	704.0	-307.0	550.0	
REC: 37919	397.0	704.0	-307.0	550.0	
REC: 37960	397.0	704.0	-307.0	550.0	
REC: 38002	397.0	704.0	-307.0	550.0	
REC: 38043	397.0	704.0	-307.0	550.0	
REC: 38084	397.0	704.0	-307.0	550.0	
REC: 38125	397.0	704.0	-307.0	550.0	
REC: 38165	397.0	704.0	-307.0	550.0	
REC: 38207	397.0	704.0	-307.0	550.0	
REC: 38247	397.0	704.0	-307.0	550.0	
REC: 38287	397.0	704.0	-307.0	550.0	
REC: 38328	397.0	704.0	-307.0	550.0	
REC: 38369	397.0	704.0	-307.0	550.0	
REC: 38411	397.0	704.0	-307.0	550.0	
REC: 38452	397.0	704.0	-307.0	550.0	
REC: 38494	397.0	704.0	-307.0	550.0	
REC: 38535	397.0	704.0	-307.0	550.0	
REC: 38576	397.0	704.0	-307.0	550.0	
REC: 38618	397.0	704.0	-307.0	550.0	
REC: 38659	397.0	704.0	-307.0	550.0	
REC: 38700	397.0	704.0	-307.0	550.0	
REC: 38740	397.0	704.0	-307.0	550.0	
REC: 38782	397.0	704.0	-307.0	550.0	
REC: 38823	397.0	704.0	-307.0	550.0	
REC: 38863	397.0	704.0	-307.0	550.0	
REC: 38904	397.0	704.0	-307.0	550.0	
REC: 38945	397.0	704.0	-307.0	550.0	
REC: 38986	397.0	704.0	-307.0	550.0	
REC: 39027	397.0	704.0	-307.0	550.0	
REC: 39068	397.0	704.0	-307.0	550.0	
REC: 39109	397.0	704.0	-307.0	550.0	
REC: 39151	397.0	704.0	-307.0	550.0	
REC: 39191	397.0	704.0	-307.0	550.0	
REC: 39232	397.0	704.0	-307.0	550.0	
REC: 39274	397.0	704.0	-307.0	550.0	
REC: 39314	397.0	704.0	-307.0	550.0	
REC: 39356	397.0	704.0	-307.0	550.0	
REC: 39396	397.0	704.0	-307.0	550.0	
REC: 39437	397.0	704.0	-307.0	550.0	
REC: 39478	397.0	704.0	-307.0	550.0	
REC: 39519	397.0	704.0	-307.0	550.0	
REC: 39560	397.0	704.0	-307.0	550.0	
REC: 39601	397.0	704.0	-307.0	550.0	
REC: 39643	397.0	704.0	-307.0	550.0	
REC: 39684	397.0	704.0	-307.0	550.0	
REC: 39728	397.0	704.0	-307.0	550.0	
REC: 39769	397.0	704.0	-307.0	550.0	
REC: 39810	397.0	704.0	-307.0	550.0	
REC: 39851	397.0	704.0	-307.0	550.0	
REC: 39892	397.0	704.0	-307.0	550.0	
REC: 39933	397.0	704.0	-307.0	550.0	
REC: 39974	397.0	704.0	-307.0	550.0	
REC: 40016	397.0	704.0	-307.0	550.0	
REC: 40057	397.0	704.0	-307.0	550.0	
REC: 40098	397.0	704.0	-307.0	550.0	
REC: 40140	397.0	704.0	-307.0	550.0	
REC: 40181	397.0	704.0	-307.0	550.0	
REC: 40233	397.0	704.0	-307.0	550.0	
REC: 40276	397.0	704.0	-307.0	550.0	
REC: 40316	397.0	704.0	-307.0	550.0	
REC: 40358	397.0	704.0	-307.0	550.0	
REC: 40399	397.0	704.0	-307.0	550.0	
REC: 40440	397.0	704.0	-307.0	550.0	
REC: 40482	397.0	704.0	-307.0	550.0	
REC: 40524	397.0	704.0	-307.0	550.0	
REC: 40565	397.0	704.0	-307.0	550.0	
REC: 40606	397.0	704.0	-307.0	550.0	
REC: 40647	397.0	704.0	-307.0	550.0	
REC: 40688	397.0	704.0	-307.0	550.0	
REC: 40730	397.0	704.0	-307.0	550.0	
REC: 40805	397.0	704.0	-307.0	550.0	
REC: 40866	397.0	704.0	-307.0	550.0	
REC: 40955	397.0	704.0	-307.0	550.0	
REC: 41021	397.0	704.0	-307.0	550.0	
REC: 41079	397.0	704.0	-307.0	550.0	
REC: 41132	397.0	704.0	-307.0	550.0	
REC: 41178	397.0	704.0	-307.0	550.0	
REC: 41220	397.0	704.0	-307.0	550.0	
REC: 41261	397.0	704.0	-307.0	550.0	
REC: 41303	794.0	249.0	545.0	521.0	
REC: 41344	794.0	249.0	545.0	521.0	
REC: 41385	794.0	249.0	545.0	521.0	
REC: 41426	794.0	249.0	545.0	521.0	
REC: 41468	794.0	249.0	545.0	521.0	
REC: 41510	823.0	435.0	388.0	629.0	
REC: 41551	691.0	873.0	-182.0	782.0	
REC: 41594	460.0	1374.0	-914.0	917.0	
REC: 41646	364.0	1573.0	-1209.0	968.0	
REC: 41722	364.0	1573.0	-1209.0	968.0	
REC: 41772	364.0	1573.0	-1209.0	968.0	
REC: 41824	643.0	855.0	-212.0	749.0	
REC: 41871	721.0	932.0	-211.0	826.0	
REC: 41916	648.0	1432.0	-784.0	1040.0	
REC: 41963	492.0	1568.0	-1076.0	1030.0	
REC: 42008	170.0	1355.0	-1185.0	762.0	
REC: 42050	59.0	888.0	-829.0	473.0	
REC: 42093	97.0	598.0	-501.0	347.0	
REC: 42134	314.0	457.0	-143.0	385.0	
REC: 42176	426.0	611.0	-185.0	518.0	
REC: 42217	381.0	870.0	-489.0	625.0	
REC: 42258	220.0	1039.0	-819.0	629.0	
REC: 42299	72.0	994.0	-922.0	533.0	
REC: 42341	27.0	773.0	-746.0	400.0	
REC: 42382	143.0	364.0	-221.0	253.0	
REC: 42424	272.0	291.0	-19.0	281.0	
REC: 42465	288.0	346.0	-58.0	317.0	
REC: 42507	264.0	449.0	-185.0	356.0	
REC: 42549	217.0	475.0	-258.0	346.0	
REC: 42590	215.0	468.0	-253.0	341.0	
REC: 42632	289.0	417.0	-128.0	353.0	
REC: 42674	420.0	398.0	22.0	409.0	
REC: 42717	456.0	448.0	8.0	452.0	
REC: 42759	469.0	506.0	-37.0	487.0	
REC: 42800	482.0	591.0	-109.0	536.0	
REC: 42842	482.0	591.0	-109.0	536.0	
REC: 42883	482.0	591.0	-109.0	536.0	
REC: 42925	482.0	591.0	-109.0	536.0	
REC: 42966	482.0	591.0	-109.0	536.0	
REC: 43008	482.0	591.0	-109.0	536.0	
REC: 43048	482.0	591.0	-109.0	536.0	
REC: 43091	482.0	591.0	-109.0	536.0	
REC: 43132	460.0	595.0	-135.0	527.0	
REC: 43173	448.0	592.0	-144.0	520.0	
REC: 43215	401.0	576.0	-175.0	488.0	
REC: 43256	303.0	444.0	-141.0	373.0	
REC: 43301	247.0	232.0	15.0	239.0	
REC: 43343	263.0	188.0	75.0	225.0	
REC: 43385	314.0	182.0	132.0	248.0	
REC: 43427	355.0	231.0	124.0	293.0	
REC: 43469	347.0	361.0	-14.0	354.0	
REC: 43511	295.0	439.0	-144.0	367.0	
REC: 43552	223.0	444.0	-221.0	333.0	
REC: 43593	186.0	348.0	-162.0	267.0	
REC: 43634	248.0	117.0	131.0	182.0	
REC: 43677	361.0	58.0	303.0	209.0	
REC: 43718	451.0	151.0	300.0	301.0	
REC: 43760	473.0	429.0	44.0	451.0	
REC: 43802	416.0	609.0	-193.0	512.0	
REC: 43848	320.0	684.0	-364.0	502.0	
REC: 43890	280.0	639.0	-359.0	459.0	
REC: 43931	274.0	485.0	-211.0	379.0	
REC: 43973	334.0	384.0	-50.0	359.0	
REC: 44015	401.0	365.0	36.0	383.0	
REC: 44057	431.0	442.0	-11.0	436.0	
REC: 44099	379.0	655.0	-276.0	517.0	
REC: 44141	287.0	722.0	-435.0	504.0	
REC: 44183	191.0	689.0	-498.0	440.0	
REC: 44226	163.0	537.0	-374.0	350.0	
REC: 44267	257.0	274.0	-17.0	265.0	
REC: 44309	336.0	158.0	178.0	247.0	
REC: 44351	366.0	149.0	217.0	257.0	
REC: 44392	372.0	151.0	221.0	261.0	
REC: 44434	372.0	151.0	221.0	261.0	
REC: 44475	372.0	151.0	221.0	261.0	
REC: 44517	372.0	151.0	221.0	261.0	
REC: 44559	372.0	151.0	221.0	261.0	
REC: 44602	372.0	151.0	221.0	261.0	
REC: 44645	372.0	151.0	221.0	261.0	
REC: 44686	372.0	151.0	221.0	261.0	
REC: 44730	372.0	151.0	221.0	261.0	
REC: 44772	372.0	151.0	221.0	261.0	
REC: 44814	372.0	151.0	221.0	261.0	
REC: 44855	372.0	151.0	221.0	261.0	
REC: 44897	372.0	151.0	221.0	261.0	
REC: 44939	372.0	151.0	221.0	261.0	
REC: 44981	372.0	151.0	221.0	261.0	
REC: 45023	372.0	151.0	221.0	261.0	
REC: 45064	372.0	151.0	221.0	261.0	
REC: 45106	372.0	151.0	221.0	261.0	
REC: 45148	372.0	151.0	221.0	261.0	
REC: 45189	372.0	151.0	221.0	261.0	
REC: 45230	372.0	151.0	221.0	261.0	
REC: 45272	372.0	151.0	221.0	261.0	
REC: 45314	372.0	151.0	221.0	261.0	
REC: 45356	372.0	151.0	221.0	261.0	
REC: 45398	372.0	151.0	221.0	261.0	
REC: 45440	372.0	151.0	221.0	261.0	
REC: 45482	372.0	151.0	221.0	261.0	
REC: 45523	372.0	151.0	221.0	261.0	
REC: 45565	372.0	151.0	221.0	261.0	
REC: 45607	372.0	151.0	221.0	261.0	
REC: 45648	372.0	151.0	221.0	261.0	
REC: 45690	372.0	151.0	221.0	261.0	
REC: 45732	372.0	151.0	221.0	261.0	
REC: 45774	372.0	151.0	221.0	261.0	
REC: 45815	372.0	151.0	221.0	261.0	
REC: 45857	372.0	151.0	221.0	261.0	
REC: 45898	372.0	151.0	221.0	261.0	
REC: 45939	372.0	151.0	221.0	261.0	
REC: 45981	372.0	151.0	221.0	261.0	
REC: 46023	372.0	151.0	221.0	261.0	
REC: 46064	372.0	151.0	221.0	261.0	
REC: 46106	372.0	151.0	221.0	261.0	
REC: 46147	372.0	151.0	221.0	261.0	
REC: 46188	372.0	151.0	221.0	261.0	
REC: 46230	372.0	151.0	221.0	261.0	
REC: 46272	372.0	151.0	221.0	261.0	
REC: 46314	372.0	151.0	221.0	261.0	
REC: 46355	372.0	151.0	221.0	261.0	
REC: 46397	372.0	151.0	221.0	261.0	
REC: 46439	372.0	151.0	221.0	261.0	
REC: 46481	372.0	151.0	221.0	261.0	
REC: 46523	372.0	151.0	221.0	261.0	
REC: 46564	372.0	151.0	221.0	261.0	
REC: 46606	372.0	151.0	221.0	261.0	
REC: 46648	372.0	151.0	221.0	261.0	
REC: 46691	372.0	151.0	221.0	261.0	
REC: 46733	372.0	151.0	221.0	261.0	
REC: 46774	372.0	151.0	221.0	261.0	
REC: 46816	372.0	151.0	221.0	261.0	
REC: 46858	372.0	151.0	221.0	261.0	
REC: 46899	372.0	151.0	221.0	261.0	
REC: 46940	372.0	151.0	221.0	261.0	
REC: 46982	372.0	151.0	221.0	261.0	
REC: 47023	372.0	151.0	221.0	261.0	
REC: 47066	372.0	151.0	221.0	261.0	
REC: 47107	372.0	151.0	221.0	261.0	
REC: 47149	372.0	151.0	221.0	261.0	
REC: 47190	372.0	151.0	221.0	261.0	
REC: 47232	372.0	151.0	221.0	261.0	
REC: 47274	372.0	151.0	221.0	261.0	
REC: 47316	372.0	151.0	221.0	261.0	
REC: 47357	372.0	151.0	221.0	261.0	
REC: 47399	372.0	151.0	221.0	261.0	
REC: 47441	372.0	151.0	221.0	261.0	
REC: 47483	372.0	151.0	221.0	261.0	
REC: 47524	372.0	151.0	221.0	261.0	
REC: 47566	372.0	151.0	221.0	261.0	
REC: 47608	372.0	151.0	221.0	261.0	
REC: 47649	372.0	151.0	221.0	261.0	
REC: 47691	372.0	151.0	221.0	261.0	
REC: 47732	372.0	151.0	221.0	261.0	
REC: 47773	372.0	151.0	221.0	261.0	
REC: 47816	372.0	151.0	221.0	261.0	
REC: 47857	372.0	151.0	221.0	261.0	
REC: 47899	372.0	151.0	221.0	261.0	
REC: 47940	372.0	151.0	221.0	261.0	
REC: 47983	372.0	151.0	221.0	261.0	
REC: 48025	372.0	151.0	221.0	261.0	
REC: 48067	372.0	151.0	221.0	261.0	
REC: 48109	372.0	151.0	221.0	261.0	
REC: 48150	372.0	151.0	221.0	261.0	
REC: 48193	372.0	151.0	221.0	261.0	
REC: 48234	372.0	151.0	221.0	261.0	
REC: 48276	372.0	151.0	221.0	261.0	
REC: 48317	372.0	151.0	221.0	261.0	
REC: 48359	372.0	151.0	221.0	261.0	
REC: 48400	372.0	151.0	221.0	261.0	
REC: 48443	372.0	151.0	221.0	261.0	
REC: 48485	372.0	151.0	221.0	261.0	
REC: 48526	372.0	151.0	221.0	261.0	
REC: 48567	372.0	151.0	221.0	261.0	
REC: 48609	372.0	151.0	221.0	261.0	
REC: 48650	372.0	151.0	221.0	261.0	
REC: 48692	372.0	151.0	221.0	261.0	
REC: 48733	372.0	151.0	221.0	261.0	
REC: 48775	372.0	151.0	221.0	261.0	
REC: 48816	372.0	151.0	221.0	261.0	
REC: 48857	372.0	151.0	221.0	261.0	
REC: 48899	372.0	151.0	221.0	261.0	
REC: 48942	372.0	151.0	221.0	261.0	
REC: 48984	372.0	151.0	221.0	261.0	
REC: 49025	372.0	151.0	221.0	261.0	
REC: 49067	372.0	151.0	221.0	261.0	
REC: 49109	372.0	151.0	221.0	261.0	
REC: 49151	400.0	47.0	353.0	223.0	
REC: 49193	394.0	45.0	349.0	219.0	
REC: 49234	389.0	68.0	321.0	228.0	
REC: 49276	469.0	184.0	285.0	326.0	
REC: 49319	621.0	387.0	234.0	504.0	
REC: 49362	766.0	663.0	103.0	714.0	
REC: 49404	817.0	936.0	-119.0	876.0	
REC: 49447	790.0	964.0	-174.0	877.0	
REC: 49490	683.0	887.0	-204.0	785.0	
REC: 49532	579.0	760.0	-181.0	669.0	
REC: 49573	548.0	689.0	-141.0	618.0	
REC: 49617	545.0	669.0	-124.0	607.0	
REC: 49659	574.0	683.0	-109.0	628.0	
REC: 49704	600.0	736.0	-136.0	668.0	
REC: 49746	546.0	772.0	-226.0	659.0	
REC: 49788	457.0	772.0	-315.0	614.0	
REC: 49831	362.0	730.0	-368.0	546.0	
REC: 49873	360.0	630.0	-270.0	495.0	
REC: 49915	476.0	488.0	-12.0	482.0	
REC: 49957	540.0	466.0	74.0	503.0	
REC: 50000	551.0	476.0	75.0	513.0	
REC: 50043	552.0	535.0	17.0	543.0	
REC: 50084	498.0	634.0	-136.0	566.0	
REC: 50126	455.0	633.0	-178.0	544.0	
REC: 50169	416.0	577.0	-161.0	496.0	
REC: 50212	420.0	376.0	44.0	398.0	
REC: 50255	512.0	194.0	318.0	353.0	
REC: 50298	606.0	234.0	372.0	420.0	
REC: 50341	675.0	383.0	292.0	529.0	
REC: 50383	667.0	603.0	64.0	635.0	
REC: 50426	588.0	690.0	-102.0	639.0	
REC: 50469	529.0	664.0	-135.0	596.0	
REC: 50512	485.0	530.0	-45.0	507.0	
REC: 50555	497.0	382.0	115.0	439.0	
REC: 50597	516.0	365.0	151.0	440.0	
REC: 50640	547.0	384.0	163.0	465.0	
REC: 50682	587.0	515.0	72.0	551.0	
REC: 50724	571.0	708.0	-137.0	639.0	
REC: 50767	527.0	729.0	-202.0	628.0	
REC: 50810	472.0	699.0	-227.0	585.0	
REC: 50856	443.0	577.0	-134.0	510.0	
REC: 50898	489.0	419.0	70.0	454.0	
REC: 50943	649.0	439.0	210.0	544.0	
REC: 50986	728.0	555.0	173.0	641.0	
REC: 51029	708.0	604.0	104.0	656.0	
REC: 51076	628.0	617.0	11.0	622.0	
REC: 51123	473.0	562.0	-89.0	517.0	
REC: 51166	434.0	485.0	-51.0	459.0	
REC: 51209	487.0	399.0	88.0	443.0	
REC: 51250	581.0	332.0	249.0	456.0	
REC: 51292	649.0	359.0	290.0	504.0	
REC: 51335	686.0	432.0	254.0	559.0	
REC: 51379	666.0	496.0	170.0	581.0	
REC: 51422	569.0	536.0	33.0	552.0	
REC: 51464	510.0	524.0	-14.0	517.0	
REC: 51506	442.0	466.0	-24.0	454.0	
REC: 51549	413.0	380.0	33.0	396.0	
REC: 51593	450.0	343.0	107.0	396.0	
REC: 51637	511.0	374.0	137.0	442.0	
REC: 51680	553.0	470.0	83.0	511.0	
REC: 51722	576.0	739.0	-163.0	657.0	
REC: 51765	537.0	930.0	-393.0	733.0	
REC: 51808	528.0	1170.0	-642.0	849.0	
REC: 51850	576.0	1503.0	-927.0	1039.0	
REC: 51896	588.0	1583.0	-995.0	1085.0	
REC: 51960	588.0	1583.0	-995.0	1085.0	
REC: 52006	588.0	1583.0	-995.0	1085.0	
REC: 52055	588.0	1583.0	-995.0	1085.0	
REC: 52101	588.0	1583.0	-995.0	1085.0	
REC: 52144	588.0	1583.0	-995.0	1085.0	
REC: 52187	588.0	1583.0	-995.0	1085.0	
REC: 52229	588.0	1583.0	-995.0	1085.0	
REC: 52278	588.0	1583.0	-995.0	1085.0	
REC: 52322	588.0	1583.0	-995.0	1085.0	
REC: 52364	229.0	1444.0	-1215.0	836.0	
REC: 52407	216.0	1315.0	-1099.0	765.0	
REC: 52449	209.0	1245.0	-1036.0	727.0	
REC: 52497	200.0	1180.0	-980.0	690.0	
REC: 52539	193.0	1128.0	-935.0	660.0	
REC: 52582	187.0	1086.0	-899.0	636.0	
REC: 52624	180.0	1063.0	-883.0	621.0	
REC: 52666	177.0	1051.0	-874.0	614.0	
REC: 52709	177.0	1051.0	-874.0	614.0	
REC: 52761	175.0	1050.0	-875.0	612.0	
REC: 52811	163.0	1038.0	-875.0	600.0	
REC: 52859	156.0	1024.0	-868.0	590.0	
REC: 52904	139.0	996.0	-857.0	567.0	
REC: 52947	119.0	951.0	-832.0	535.0	
REC: 52990	127.0	853.0	-726.0	490.0	
REC: 53033	200.0	654.0	-454.0	427.0	
REC: 53076	273.0	533.0	-260.0	403.0	
REC: 53122	325.0	495.0	-170.0	410.0	
REC: 53165	531.0	473.0	58.0	502.0	
REC: 53207	580.0	497.0	83.0	538.0	
REC: 53250	593.0	541.0	52.0	567.0	
REC: 53294	577.0	640.0	-63.0	608.0	
REC: 53336	424.0	759.0	-335.0	591.0	
REC: 53383	249.0	767.0	-518.0	508.0	
REC: 53426	168.0	706.0	-538.0	437.0	
REC: 53469	152.0	658.0	-506.0	405.0	
REC: 53511	168.0	609.0	-441.0	388.0	
REC: 53554	217.0	546.0	-329.0	381.0	
REC: 53596	259.0	520.0	-261.0	389.0	
REC: 53639	292.0	514.0	-222.0	403.0	
REC: 53682	346.0	531.0	-185.0	438.0	
REC: 53724	378.0	557.0	-179.0	467.0	
REC: 53766	395.0	600.0	-205.0	497.0	
REC: 53812	380.0	630.0	-250.0	505.0	
REC: 53856	348.0	636.0	-288.0	492.0	
REC: 53899	309.0	622.0	-313.0	465.0	
REC: 53943	292.0	596.0	-304.0	444.0	
REC: 53984	287.0	582.0	-295.0	434.0	
REC: 54028	279.0	564.0	-285.0	421.0	
REC: 54071	277.0	545.0	-268.0	411.0	
REC: 54114	277.0	529.0	-252.0	403.0	
REC: 54157	274.0	513.0	-239.0	393.0	
REC: 54199	273.0	507.0	-234.0	390.0	
REC: 54241	272.0	506.0	-234.0	389.0	
REC: 54285	272.0	505.0	-233.0	388.0	
REC: 54327	272.0	505.0	-233.0	388.0	
REC: 54371	273.0	499.0	-226.0	386.0	
REC: 54412	276.0	494.0	-218.0	385.0	
REC: 54455	285.0	480.0	-195.0	382.0	
REC: 54497	298.0	467.0	-169.0	382.0	
REC: 54540	306.0	461.0	-155.0	383.0	
REC: 54582	315.0	458.0	-143.0	386.0	
REC: 54625	333.0	452.0	-119.0	392.0	
REC: 54667	352.0	448.0	-96.0	400.0	
REC: 54711	365.0	445.0	-80.0	405.0	
REC: 54754	383.0	444.0	-61.0	413.0	
REC: 54796	413.0	452.0	-39.0	432.0	
REC: 54838	430.0	458.0	-28.0	444.0	
REC: 54881	438.0	464.0	-26.0	451.0	
REC: 54923	444.0	470.0	-26.0	457.0	
REC: 54966	446.0	478.0	-32.0	462.0	
REC: 55008	438.0	505.0	-67.0	471.0	
REC: 55051	406.0	569.0	-163.0	487.0	
REC: 55094	364.0	723.0	-359.0	543.0	
REC: 55137	295.0	1064.0	-769.0	679.0	
REC: 55180	247.0	1548.0	-1301.0	897.0	
REC: 55225	247.0	1548.0	-1301.0	897.0	
REC: 55277	247.0	1548.0	-1301.0	897.0	
REC: 55321	247.0	1548.0	-1301.0	897.0	
REC: 55364	247.0	1548.0	-1301.0	897.0	
REC: 55407	247.0	1548.0	-1301.0	897.0	
REC: 55449	247.0	1548.0	-1301.0	897.0	
REC: 55492	247.0	1548.0	-1301.0	897.0	
REC: 55535	247.0	1548.0	-1301.0	897.0	
REC: 55578	247.0	1548.0	-1301.0	897.0	
REC: 55621	247.0	1548.0	-1301.0	897.0	
REC: 55663	247.0	1548.0	-1301.0	897.0	
REC: 55706	247.0	1548.0	-1301.0	897.0	
REC: 55749	247.0	1548.0	-1301.0	897.0	
REC: 55791	247.0	1548.0	-1301.0	897.0	
REC: 55835	247.0	1548.0	-1301.0	897.0	
REC: 55883	247.0	1548.0	-1301.0	897.0	
REC: 55928	247.0	1548.0	-1301.0	897.0	
REC: 55972	247.0	1548.0	-1301.0	897.0	
REC: 56017	247.0	1548.0	-1301.0	897.0	
REC: 56064	247.0	1548.0	-1301.0	897.0	
REC: 56111	247.0	1548.0	-1301.0	897.0	
REC: 56159	247.0	1548.0	-1301.0	897.0	
REC: 56230	247.0	1548.0	-1301.0	897.0	
REC: 56322	247.0	1548.0	-1301.0	897.0	
REC: 56392	247.0	1548.0	-1301.0	897.0	
REC: 56446	247.0	1548.0	-1301.0	897.0	
REC: 56509	247.0	1548.0	-1301.0	897.0	
REC: 56565	247.0	1548.0	-1301.0	897.0	
REC: 56646	247.0	1548.0	-1301.0	897.0	
REC: 56724	247.0	1548.0	-1301.0	897.0	
REC: 56822	247.0	1548.0	-1301.0	897.0	
REC: 56892	247.0	1548.0	-1301.0	897.0	
REC: 56959	247.0	1548.0	-1301.0	897.0	
REC: 57020	247.0	1548.0	-1301.0	897.0	
REC: 57067	247.0	1548.0	-1301.0	897.0	
REC: 57114	247.0	1548.0	-1301.0	897.0	
REC: 57156	247.0	1548.0	-1301.0	897.0	
REC: 57200	247.0	1548.0	-1301.0	897.0	
REC: 57252	247.0	1548.0	-1301.0	897.0	
REC: 57307	247.0	1548.0	-1301.0	897.0	
REC: 57357	247.0	1548.0	-1301.0	897.0	
REC: 57405	247.0	1548.0	-1301.0	897.0	
REC: 57459	247.0	1548.0	-1301.0	897.0	
REC: 57508	247.0	1548.0	-1301.0	897.0	
REC: 57563	247.0	1548.0	-1301.0	897.0	
REC: 57609	247.0	1548.0	-1301.0	897.0	
REC: 57673	247.0	1548.0	-1301.0	897.0	
REC: 57725	247.0	1548.0	-1301.0	897.0	
REC: 57813	247.0	1548.0	-1301.0	897.0	
REC: 57872	247.0	1548.0	-1301.0	897.0	
REC: 57930	247.0	1548.0	-1301.0	897.0	
REC: 57991	247.0	1548.0	-1301.0	897.0	
REC: 58039	247.0	1548.0	-1301.0	897.0	
REC: 58098	247.0	1548.0	-1301.0	897.0	
REC: 58151	247.0	1548.0	-1301.0	897.0	
REC: 58199	247.0	1548.0	-1301.0	897.0	
REC: 58252	247.0	1548.0	-1301.0	897.0	
REC: 58310	247.0	1548.0	-1301.0	897.0	
REC: 58374	247.0	1548.0	-1301.0	897.0	
REC: 58416	247.0	1548.0	-1301.0	897.0	
REC: 58460	247.0	1548.0	-1301.0	897.0	
REC: 58518	247.0	1548.0	-1301.0	897.0	
REC: 58560	247.0	1548.0	-1301.0	897.0	
REC: 58603	247.0	1548.0	-1301.0	897.0	
REC: 58645	247.0	1548.0	-1301.0	897.0	
REC: 58688	247.0	1548.0	-1301.0	897.0	
REC: 58730	247.0	1548.0	-1301.0	897.0	
REC: 58773	247.0	1548.0	-1301.0	897.0	
REC: 58816	247.0	1548.0	-1301.0	897.0	
REC: 58859	247.0	1548.0	-1301.0	897.0	
REC: 58901	247.0	1548.0	-1301.0	897.0	
REC: 58943	247.0	1548.0	-1301.0	897.0	
REC: 58984	247.0	1548.0	-1301.0	897.0	
REC: 59025	247.0	1548.0	-1301.0	897.0	
REC: 59068	247.0	1548.0	-1301.0	897.0	
REC: 59113	247.0	1548.0	-1301.0	897.0	
REC: 59162	247.0	1548.0	-1301.0	897.0	
REC: 59225	247.0	1548.0	-1301.0	897.0	
REC: 59268	247.0	1548.0	-1301.0	897.0	
REC: 59317	247.0	1548.0	-1301.0	897.0	
REC: 59396	247.0	1548.0	-1301.0	897.0	
REC: 59443	215.0	1450.0	-1235.0	832.0	
REC: 59485	201.0	1335.0	-1134.0	768.0	
REC: 59526	186.0	1205.0	-1019.0	695.0	
REC: 59568	172.0	1020.0	-848.0	596.0	
REC: 59610	159.0	793.0	-634.0	476.0	
REC: 59652	159.0	642.0	-483.0	400.0	
REC: 59695	166.0	528.0	-362.0	347.0	
REC: 59738	200.0	492.0	-292.0	346.0	
REC: 59780	288.0	470.0	-182.0	379.0	
REC: 59822	434.0	562.0	-128.0	498.0	
REC: 59864	547.0	907.0	-360.0	727.0	
REC: 59905	444.0	1113.0	-669.0	778.0	
REC: 59947	300.0	1130.0	-830.0	715.0	
REC: 59989	141.0	1004.0	-863.0	572.0	
REC: 60031	155.0	786.0	-631.0	470.0	
REC: 60073	281.0	671.0	-390.0	476.0	
REC: 60114	364.0	695.0	-331.0	529.0	
REC: 60156	440.0	854.0	-414.0	647.0	
REC: 60202	354.0	1119.0	-765.0	736.0	
REC: 60244	224.0	1199.0	-975.0	711.0	
REC: 60285	153.0	1161.0	-1008.0	657.0	
REC: 60326	95.0	1003.0	-908.0	549.0	
REC: 60368	93.0	773.0	-680.0	433.0	
REC: 60412	155.0	694.0	-539.0	424.0	
REC: 60455	244.0	718.0	-474.0	481.0	
REC: 60496	325.0	827.0	-502.0	576.0	
REC: 60538	371.0	1094.0	-723.0	732.0	
REC: 60580	371.0	1451.0	-1080.0	911.0	
REC: 60623	371.0	1544.0	-1173.0	957.0	
REC: 60696	371.0	1544.0	-1173.0	957.0	
REC: 60742	371.0	1544.0	-1173.0	957.0	
REC: 60795	371.0	1544.0	-1173.0	957.0	
REC: 60839	371.0	1544.0	-1173.0	957.0	
REC: 60880	371.0	1544.0	-1173.0	957.0	
REC: 60923	371.0	1544.0	-1173.0	957.0	
REC: 60966	371.0	1544.0	-1173.0	957.0	
REC: 61009	371.0	1544.0	-1173.0	957.0	
REC: 61052	371.0	1544.0	-1173.0	957.0	
REC: 61093	371.0	1544.0	-1173.0	957.0	
REC: 61135	371.0	1544.0	-1173.0	957.0	
REC: 61177	371.0	1544.0	-1173.0	957.0	
REC: 61219	371.0	1544.0	-1173.0	957.0	
REC: 61261	371.0	1544.0	-1173.0	957.0	
REC: 61302	371.0	1544.0	-1173.0	957.0	
REC: 61345	371.0	1544.0	-1173.0	957.0	
REC: 61389	371.0	1544.0	-1173.0	957.0	
REC: 61431	371.0	1544.0	-1173.0	957.0	
REC: 61472	371.0	1544.0	-1173.0	957.0	
REC: 61515	371.0	1544.0	-1173.0	957.0	
REC: 61557	371.0	1544.0	-1173.0	957.0	
REC: 61608	371.0	1544.0	-1173.0	957.0	
REC: 61668	371.0	1544.0	-1173.0	957.0	
REC: 61740	371.0	1544.0	-1173.0	957.0	
REC: 61803	371.0	1544.0	-1173.0	957.0	
REC: 61850	371.0	1544.0	-1173.0	957.0	
REC: 61893	371.0	1544.0	-1173.0	957.0	
REC: 61934	371.0	1544.0	-1173.0	957.0	
REC: 61976	371.0	1544.0	-1173.0	957.0	
REC: 62017	371.0	1544.0	-1173.0	957.0	
REC: 62059	371.0	1544.0	-1173.0	957.0	
REC: 62102	371.0	1544.0	-1173.0	957.0	
REC: 62143	371.0	1544.0	-1173.0	957.0	
REC: 62184	371.0	1544.0	-1173.0	957.0	
REC: 62225	371.0	1544.0	-1173.0	957.0	
REC: 62267	371.0	1544.0	-1173.0	957.0	
REC: 62309	371.0	1544.0	-1173.0	957.0	
REC: 62351	371.0	1544.0	-1173.0	957.0	
REC: 62394	371.0	1544.0	-1173.0	957.0	
REC: 62448	371.0	1544.0	-1173.0	957.0	
REC: 62502	371.0	1544.0	-1173.0	957.0	
REC: 62571	371.0	1544.0	-1173.0	957.0	
REC: 62623	371.0	1544.0	-1173.0	957.0	
REC: 62667	371.0	1544.0	-1173.0	957.0	
REC: 62708	371.0	1544.0	-1173.0	957.0	
REC: 62750	371.0	1544.0	-1173.0	957.0	
REC: 62791	371.0	1544.0	-1173.0	957.0	
REC: 62832	371.0	1544.0	-1173.0	957.0	
REC: 62874	371.0	1544.0	-1173.0	957.0	
REC: 62916	371.0	1544.0	-1173.0	957.0	
REC: 62957	371.0	1544.0	-1173.0	957.0	
REC: 62999	371.0	1544.0	-1173.0	957.0	
REC: 63042	371.0	1544.0	-1173.0	957.0	
REC: 63084	371.0	1544.0	-1173.0	957.0	
REC: 63126	371.0	1544.0	-1173.0	957.0	
REC: 63169	371.0	1544.0	-1173.0	957.0	
REC: 63211	371.0	1544.0	-1173.0	957.0	
REC: 63252	371.0	1544.0	-1173.0	957.0	
REC: 63293	371.0	1544.0	-1173.0	957.0	
REC: 63335	371.0	1544.0	-1173.0	957.0	
REC: 63376	371.0	1544.0	-1173.0	957.0	
REC: 63419	371.0	1544.0	-1173.0	957.0	
REC: 63462	371.0	1544.0	-1173.0	957.0	
REC: 63517	371.0	1544.0	-1173.0	957.0	
REC: 63559	371.0	1544.0	-1173.0	957.0	
REC: 63623	371.0	1544.0	-1173.0	957.0	
REC: 63666	371.0	1544.0	-1173.0	957.0	
REC: 63707	371.0	1544.0	-1173.0	957.0	
REC: 63748	371.0	1544.0	-1173.0	957.0	
REC: 63790	371.0	1544.0	-1173.0	957.0	
REC: 63834	371.0	1544.0	-1173.0	957.0	
REC: 63875	371.0	1544.0	-1173.0	957.0	
REC: 63916	371.0	1544.0	-1173.0	957.0	
REC: 63958	371.0	1544.0	-1173.0	957.0	
REC: 63999	371.0	1544.0	-1173.0	957.0	
REC: 64041	371.0	1544.0	-1173.0	957.0	
REC: 64082	371.0	1544.0	-1173.0	957.0	
REC: 64123	371.0	1544.0	-1173.0	957.0	
REC: 64165	371.0	1544.0	-1173.0	957.0	
REC: 64206	371.0	1544.0	-1173.0	957.0	
REC: 64248	371.0	1544.0	-1173.0	957.0	
REC: 64299	371.0	1544.0	-1173.0	957.0	
REC: 64344	371.0	1544.0	-1173.0	957.0	
REC: 64385	371.0	1544.0	-1173.0	957.0	
REC: 64427	371.0	1544.0	-1173.0	957.0	
REC: 64468	371.0	1544.0	-1173.0	957.0	
REC: 64510	371.0	1544.0	-1173.0	957.0	
REC: 64551	371.0	1544.0	-1173.0	957.0	
REC: 64593	371.0	1544.0	-1173.0	957.0	
REC: 64635	371.0	1544.0	-1173.0	957.0	
REC: 64676	371.0	1544.0	-1173.0	957.0	
REC: 64719	371.0	1544.0	-1173.0	957.0	
REC: 64760	371.0	1544.0	-1173.0	957.0	
REC: 64801	371.0	1544.0	-1173.0	957.0	
REC: 64842	371.0	1544.0	-1173.0	957.0	
REC: 64883	371.0	1544.0	-1173.0	957.0	
REC: 64924	371.0	1544.0	-1173.0	957.0	
REC: 64966	371.0	1544.0	-1173.0	957.0	
REC: 65007	371.0	1544.0	-1173.0	957.0	
REC: 65048	371.0	1544.0	-1173.0	957.0	
REC: 65090	371.0	1544.0	-1173.0	957.0	
REC: 65131	371.0	1544.0	-1173.0	957.0	
REC: 65174	371.0	1544.0	-1173.0	957.0	
REC: 65216	371.0	1544.0	-1173.0	957.0	
REC: 65256	371.0	1544.0	-1173.0	957.0	
REC: 65300	371.0	1544.0	-1173.0	957.0	
REC: 65341	371.0	1544.0	-1173.0	957.0	
REC: 65382	371.0	1544.0	-1173.0	957.0	
REC: 65423	371.0	1544.0	-1173.0	957.0	
REC: 65464	371.0	1544.0	-1173.0	957.0	
REC: 65505	371.0	1544.0	-1173.0	957.0	
REC: 65546	371.0	1544.0	-1173.0	957.0	
REC: 65586	371.0	1544.0	-1173.0	957.0	
REC: 65628	371.0	1544.0	-1173.0	957.0	
REC: 65669	371.0	1544.0	-1173.0	957.0	
REC: 65710	371.0	1544.0	-1173.0	957.0	
REC: 65750	371.0	1544.0	-1173.0	957.0	
REC: 65790	371.0	1544.0	-1173.0	957.0	
REC: 65834	371.0	1544.0	-1173.0	957.0	
REC: 65874	371.0	1544.0	-1173.0	957.0	
REC: 65915	371.0	1544.0	-1173.0	957.0	
REC: 65956	371.0	1544.0	-1173.0	957.0	
REC: 65996	371.0	1544.0	-1173.0	957.0	
REC: 66038	371.0	1544.0	-1173.0	957.0	
REC: 66078	371.0	1544.0	-1173.0	957.0	
REC: 66124	371.0	1544.0	-1173.0	957.0	
REC: 66174	371.0	1544.0	-1173.0	957.0	
REC: 66218	371.0	1544.0	-1173.0	957.0	
REC: 66262	371.0	1544.0	-1173.0	957.0	
REC: 66304	371.0	1544.0	-1173.0	957.0	
REC: 66352	371.0	1544.0	-1173.0	957.0	
REC: 66402	371.0	1544.0	-1173.0	957.0	
REC: 66445	371.0	1544.0	-1173.0	957.0	
REC: 66492	371.0	1544.0	-1173.0	957.0	
REC: 66535	371.0	1544.0	-1173.0	957.0	
REC: 66575	371.0	1544.0	-1173.0	957.0	
REC: 66617	371.0	1544.0	-1173.0	957.0	
REC: 66658	371.0	1544.0	-1173.0	957.0	
REC: 66699	371.0	1544.0	-1173.0	957.0	
REC: 66740	371.0	1544.0	-1173.0	957.0	
REC: 66781	371.0	1544.0	-1173.0	957.0	
REC: 66822	371.0	1544.0	-1173.0	957.0	
REC: 66863	371.0	1544.0	-1173.0	957.0	
REC: 66903	371.0	1544.0	-1173.0	957.0	
REC: 66945	371.0	1544.0	-1173.0	957.0	
REC: 66986	371.0	1544.0	-1173.0	957.0	
REC: 67026	371.0	1544.0	-1173.0	957.0	
REC: 67068	371.0	1544.0	-1173.0	957.0	
REC: 67107	371.0	1544.0	-1173.0	957.0	
REC: 67148	371.0	1544.0	-1173.0	957.0	
REC: 67189	371.0	1544.0	-1173.0	957.0	
REC: 67229	371.0	1544.0	-1173.0	957.0	
REC: 67269	371.0	1544.0	-1173.0	957.0	
REC: 67309	371.0	1544.0	-1173.0	957.0	
REC: 67350	371.0	1544.0	-1173.0	957.0	
REC: 67391	371.0	1544.0	-1173.0	957.0	
REC: 67431	371.0	1544.0	-1173.0	957.0	
REC: 67472	371.0	1544.0	-1173.0	957.0	
REC: 67512	371.0	1544.0	-1173.0	957.0	
REC: 67552	371.0	1544.0	-1173.0	957.0	
REC: 67593	371.0	1544.0	-1173.0	957.0	
REC: 67637	371.0	1544.0	-1173.0	957.0	
REC: 67681	371.0	1544.0	-1173.0	957.0	
REC: 67722	371.0	1544.0	-1173.0	957.0	
REC: 67762	371.0	1544.0	-1173.0	957.0	
REC: 67803	371.0	1544.0	-1173.0	957.0	
REC: 67843	371.0	1544.0	-1173.0	957.0	
REC: 67883	371.0	1544.0	-1173.0	957.0	
REC: 67924	371.0	1544.0	-1173.0	957.0	
REC: 67964	371.0	1544.0	-1173.0	957.0	
REC: 68004	371.0	1544.0	-1173.0	957.0	
REC: 68045	371.0	1544.0	-1173.0	957.0	
REC: 68087	371.0	1544.0	-1173.0	957.0	
REC: 68127	371.0	1544.0	-1173.0	957.0	
REC: 68167	371.0	1544.0	-1173.0	957.0	
REC: 68206	371.0	1544.0	-1173.0	957.0	
REC: 68260	371.0	1544.0	-1173.0	957.0	
REC: 68303	371.0	1544.0	-1173.0	957.0	
REC: 68347	371.0	1544.0	-1173.0	957.0	
REC: 68392	371.0	1544.0	-1173.0	957.0	
REC: 68445	371.0	1544.0	-1173.0	957.0	
REC: 68513	371.0	1544.0	-1173.0	957.0	
REC: 68561	371.0	1544.0	-1173.0	957.0	
REC: 68620	371.0	1544.0	-1173.0	957.0	
REC: 68695	371.0	1544.0	-1173.0	957.0	
REC: 68763	371.0	1544.0	-1173.0	957.0	
REC: 68824	371.0	1544.0	-1173.0	957.0	
REC: 68874	371.0	1544.0	-1173.0	957.0	
REC: 68935	371.0	1544.0	-1173.0	957.0	
REC: 68980	371.0	1544.0	-1173.0	957.0	
REC: 69025	371.0	1544.0	-1173.0	957.0	
REC: 69066	371.0	1544.0	-1173.0	957.0	
REC: 69108	371.0	1544.0	-1173.0	957.0	
REC: 69148	371.0	1544.0	-1173.0	957.0	
REC: 69190	371.0	1544.0	-1173.0	957.0	
REC: 69231	371.0	1544.0	-1173.0	957.0	
REC: 69273	371.0	1544.0	-1173.0	957.0	
REC: 69315	371.0	1544.0	-1173.0	957.0	
REC: 69356	371.0	1544.0	-1173.0	957.0	
REC: 69396	371.0	1544.0	-1173.0	957.0	
REC: 69436	371.0	1544.0	-1173.0	957.0	
REC: 69476	371.0	1544.0	-1173.0	957.0	
REC: 69521	371.0	1544.0	-1173.0	957.0	
REC: 69565	371.0	1544.0	-1173.0	957.0	
REC: 69606	371.0	1544.0	-1173.0	957.0	
REC: 69649	371.0	1544.0	-1173.0	957.0	
REC: 69694	371.0	1544.0	-1173.0	957.0	
REC: 69740	371.0	1544.0	-1173.0	957.0	
REC: 69800	371.0	1544.0	-1173.0	957.0	
REC: 69857	371.0	1544.0	-1173.0	957.0	
REC: 69927	371.0	1544.0	-1173.0	957.0	
REC: 69980	371.0	1544.0	-1173.0	957.0	
REC: 70024	371.0	1544.0	-1173.0	957.0	
REC: 70063	371.0	1544.0	-1173.0	957.0	
REC: 70103	371.0	1544.0	-1173.0	957.0	
REC: 70142	371.0	1544.0	-1173.0	957.0	
REC: 70183	371.0	1544.0	-1173.0	957.0	
REC: 70224	371.0	1544.0	-1173.0	957.0	
REC: 70263	371.0	1544.0	-1173.0	957.0	
REC: 70304	371.0	1544.0	-1173.0	957.0	
REC: 70345	371.0	1544.0	-1173.0	957.0	
REC: 70388	371.0	1544.0	-1173.0	957.0	
REC: 70435	371.0	1544.0	-1173.0	957.0	
REC: 70481	371.0	1544.0	-1173.0	957.0	
REC: 70530	371.0	1544.0	-1173.0	957.0	
REC: 70576	371.0	1544.0	-1173.0	957.0	
REC: 70625	371.0	1544.0	-1173.0	957.0	
REC: 70669	94.0	1226.0	-1132.0	660.0	
REC: 70717	61.0	708.0	-647.0	384.0	
REC: 70765	31.0	114.0	-83.0	72.0	
REC: 70810	31.0	114.0	-83.0	72.0	
REC: 70855	31.0	114.0	-83.0	72.0	
REC: 70913	31.0	114.0	-83.0	72.0	
REC: 70956	31.0	114.0	-83.0	72.0	
REC: 70997	128.0	119.0	9.0	123.0	
REC: 71039	193.0	338.0	-145.0	265.0	
REC: 71080	204.0	476.0	-272.0	340.0	
REC: 71121	179.0	484.0	-305.0	331.0	
REC: 71162	123.0	397.0	-274.0	260.0	
REC: 71202	66.0	273.0	-207.0	169.0	
REC: 71242	12.0	74.0	-62.0	43.0	
REC: 71283	2.0	26.0	-24.0	14.0	
REC: 71325	2.0	26.0	-24.0	14.0	
REC: 71366	2.0	26.0	-24.0	14.0	
REC: 71408	2.0	26.0	-24.0	14.0	
REC: 71449	2.0	26.0	-24.0	14.0	
REC: 71489	2.0	26.0	-24.0	14.0	
REC: 71531	2.0	26.0	-24.0	14.0	
REC: 71572	38.0	146.0	-108.0	92.0	
REC: 71613	86.0	179.0	-93.0	132.0	
REC: 71660	113.0	218.0	-105.0	165.0	
REC: 71700	180.0	350.0	-170.0	265.0	
REC: 71743	216.0	455.0	-239.0	335.0	
REC: 71784	243.0	542.0	-299.0	392.0	
REC: 71825	254.0	608.0	-354.0	431.0	
REC: 71866	240.0	670.0	-430.0	455.0	
REC: 71908	193.0	695.0	-502.0	444.0	
REC: 71949	173.0	695.0	-522.0	434.0	
REC: 71989	148.0	679.0	-531.0	413.0	
REC: 72028	136.0	668.0	-532.0	402.0	
REC: 72068	121.0	659.0	-538.0	390.0	
REC: 72109	95.0	655.0	-560.0	375.0	
REC: 72149	70.0	658.0	-588.0	364.0	
REC: 72190	58.0	665.0	-607.0	361.0	
REC: 72229	58.0	672.0	-614.0	365.0	
REC: 72271	70.0	681.0	-611.0	375.0	
REC: 72310	78.0	686.0	-608.0	382.0	
REC: 72350	94.0	713.0	-619.0	403.0	
REC: 72389	118.0	762.0	-644.0	440.0	
REC: 72429	119.0	763.0	-644.0	441.0	
REC: 72469	119.0	763.0	-644.0	441.0	
REC: 72509	119.0	763.0	-644.0	441.0	
REC: 72548	119.0	763.0	-644.0	441.0	
REC: 72589	121.0	774.0	-653.0	447.0	
REC: 72629	101.0	850.0	-749.0	475.0	
REC: 72669	76.0	851.0	-775.0	463.0	
REC: 72713	63.0	850.0	-787.0	456.0	
REC: 72753	47.0	849.0	-802.0	448.0	
REC: 72794	43.0	847.0	-804.0	445.0	
REC: 72834	38.0	845.0	-807.0	441.0	
REC: 72874	38.0	845.0	-807.0	441.0	
REC: 72914	38.0	843.0	-805.0	440.0	
REC: 72954	36.0	839.0	-803.0	437.0	
REC: 72994	33.0	832.0	-799.0	432.0	
REC: 73034	29.0	822.0	-793.0	425.0	
REC: 73074	28.0	815.0	-787.0	421.0	
REC: 73115	28.0	803.0	-775.0	415.0	
REC: 73155	30.0	797.0	-767.0	413.0	
REC: 73195	31.0	793.0	-762.0	412.0	
REC: 73235	31.0	793.0	-762.0	412.0	
REC: 73274	31.0	793.0	-762.0	412.0	
REC: 73313	31.0	793.0	-762.0	412.0	
REC: 73352	31.0	793.0	-762.0	412.0	
REC: 73392	31.0	793.0	-762.0	412.0	
REC: 73432	31.0	793.0	-762.0	412.0	
REC: 73472	31.0	793.0	-762.0	412.0	
REC: 73512	31.0	793.0	-762.0	412.0	
REC: 73553	31.0	793.0	-762.0	412.0	
REC: 73593	31.0	793.0	-762.0	412.0	
REC: 73633	31.0	793.0	-762.0	412.0	
REC: 73673	31.0	793.0	-762.0	412.0	
REC: 73713	31.0	793.0	-762.0	412.0	
REC: 73753	75.0	793.0	-718.0	434.0	
REC: 73794	92.0	793.0	-701.0	442.0	
REC: 73834	150.0	799.0	-649.0	474.0	
REC: 73874	269.0	871.0	-602.0	570.0	
REC: 73914	330.0	936.0	-606.0	633.0	
REC: 73953	360.0	987.0	-627.0	673.0	
REC: 73994	361.0	997.0	-636.0	679.0	
REC: 74036	304.0	1009.0	-705.0	656.0	
REC: 74076	232.0	987.0	-755.0	609.0	
REC: 74116	217.0	960.0	-743.0	588.0	
REC: 74156	225.0	901.0	-676.0	563.0	
REC: 74197	260.0	846.0	-586.0	553.0	
REC: 74237	316.0	802.0	-486.0	559.0	
REC: 74277	331.0	802.0	-471.0	566.0	
REC: 74317	326.0	812.0	-486.0	569.0	
REC: 74357	287.0	838.0	-551.0	562.0	
REC: 74398	199.0	845.0	-646.0	522.0	
REC: 74439	116.0	833.0	-717.0	474.0	
REC: 74479	97.0	824.0	-727.0	460.0	
REC: 74519	78.0	817.0	-739.0	447.0	
REC: 74561	65.0	811.0	-746.0	438.0	
REC: 74601	62.0	808.0	-746.0	435.0	
REC: 74640	62.0	808.0	-746.0	435.0	
REC: 74680	62.0	807.0	-745.0	434.0	
REC: 74734	55.0	803.0	-748.0	429.0	
REC: 74791	39.0	797.0	-758.0	418.0	
REC: 74844	32.0	793.0	-761.0	412.0	
REC: 74885	32.0	793.0	-761.0	412.0	
REC: 74925	32.0	793.0	-761.0	412.0	
REC: 74965	32.0	793.0	-761.0	412.0	
REC: 75004	32.0	793.0	-761.0	412.0	
REC: 75044	32.0	793.0	-761.0	412.0	
REC: 75084	32.0	793.0	-761.0	412.0	
REC: 75123	32.0	793.0	-761.0	412.0	
REC: 75163	32.0	793.0	-761.0	412.0	
REC: 75202	32.0	793.0	-761.0	412.0	
REC: 75242	32.0	793.0	-761.0	412.0	
REC: 75283	32.0	793.0	-761.0	412.0	
REC: 75322	32.0	793.0	-761.0	412.0	
REC: 75362	32.0	793.0	-761.0	412.0	
REC: 75402	32.0	793.0	-761.0	412.0	
REC: 75441	32.0	793.0	-761.0	412.0	
REC: 75481	32.0	793.0	-761.0	412.0	
REC: 75522	53.0	794.0	-741.0	423.0	
REC: 75561	100.0	801.0	-701.0	450.0	
REC: 75601	159.0	813.0	-654.0	486.0	
REC: 75641	214.0	823.0	-609.0	518.0	
REC: 75681	251.0	832.0	-581.0	541.0	
REC: 75721	287.0	848.0	-561.0	567.0	
REC: 75762	296.0	855.0	-559.0	575.0	
REC: 75802	290.0	872.0	-582.0	581.0	
REC: 75844	241.0	896.0	-655.0	568.0	
REC: 75885	183.0	901.0	-718.0	542.0	
REC: 75924	127.0	892.0	-765.0	509.0	
REC: 75965	103.0	882.0	-779.0	492.0	
REC: 76005	71.0	864.0	-793.0	467.0	
REC: 76047	46.0	851.0	-805.0	448.0	
REC: 76087	20.0	844.0	-824.0	432.0	
REC: 76127	1.0	841.0	-840.0	421.0	
REC: 76167	1.0	841.0	-840.0	421.0	
REC: 76206	1.0	841.0	-840.0	421.0	
REC: 76247	1.0	841.0	-840.0	421.0	
REC: 76287	1.0	841.0	-840.0	421.0	
REC: 76327	1.0	841.0	-840.0	421.0	
REC: 76366	14.0	817.0	-803.0	415.0	
REC: 76406	25.0	811.0	-786.0	418.0	
REC: 76446	25.0	811.0	-786.0	418.0	
REC: 76486	25.0	811.0	-786.0	418.0	
REC: 76526	25.0	811.0	-786.0	418.0	
REC: 76566	25.0	807.0	-782.0	416.0	
REC: 76611	25.0	807.0	-782.0	416.0	
REC: 76656	21.0	807.0	-786.0	414.0	
REC: 76697	21.0	807.0	-786.0	414.0	
REC: 76738	21.0	806.0	-785.0	413.0	
REC: 76778	21.0	805.0	-784.0	413.0	
REC: 76819	21.0	805.0	-784.0	413.0	
REC: 76858	19.0	801.0	-782.0	410.0	
REC: 76899	18.0	799.0	-781.0	408.0	
REC: 76938	18.0	799.0	-781.0	408.0	
REC: 76979	18.0	799.0	-781.0	408.0	
REC: 77019	18.0	799.0	-781.0	408.0	
REC: 77059	18.0	799.0	-781.0	408.0	
REC: 77098	18.0	799.0	-781.0	408.0	
REC: 77138	18.0	799.0	-781.0	408.0	
REC: 77179	19.0	797.0	-778.0	408.0	
REC: 77219	20.0	796.0	-776.0	408.0	
REC: 77258	20.0	796.0	-776.0	408.0	
REC: 77298	20.0	796.0	-776.0	408.0	
REC: 77339	20.0	796.0	-776.0	408.0	
REC: 77379	20.0	796.0	-776.0	408.0	
REC: 77418	20.0	796.0	-776.0	408.0	
REC: 77459	20.0	796.0	-776.0	408.0	
REC: 77498	20.0	796.0	-776.0	408.0	
REC: 77539	20.0	796.0	-776.0	408.0	
REC: 77579	52.0	796.0	-744.0	424.0	
REC: 77623	55.0	796.0	-741.0	425.0	
REC: 77664	55.0	796.0	-741.0	425.0	
REC: 77704	55.0	796.0	-741.0	425.0	
REC: 77744	54.0	795.0	-741.0	424.0	
REC: 77784	54.0	795.0	-741.0	424.0	
REC: 77823	54.0	795.0	-741.0	424.0	
REC: 77863	54.0	795.0	-741.0	424.0	
REC: 77904	54.0	793.0	-739.0	423.0	
REC: 77944	83.0	788.0	-705.0	435.0	
REC: 77984	172.0	787.0	-615.0	479.0	
REC: 78023	282.0	805.0	-523.0	543.0	
REC: 78063	403.0	826.0	-423.0	614.0	
REC: 78103	463.0	842.0	-379.0	652.0	
REC: 78143	483.0	853.0	-370.0	668.0	
REC: 78184	485.0	860.0	-375.0	672.0	
REC: 78224	469.0	878.0	-409.0	673.0	
REC: 78265	410.0	894.0	-484.0	652.0	
REC: 78306	341.0	898.0	-557.0	619.0	
REC: 78346	323.0	885.0	-562.0	604.0	
REC: 78388	331.0	827.0	-496.0	579.0	
REC: 78428	358.0	754.0	-396.0	556.0	
REC: 78469	385.0	733.0	-348.0	559.0	
REC: 78512	407.0	746.0	-339.0	576.0	
REC: 78552	427.0	785.0	-358.0	606.0	
REC: 78592	428.0	857.0	-429.0	642.0	
REC: 78632	398.0	906.0	-508.0	652.0	
REC: 78673	329.0	923.0	-594.0	626.0	
REC: 78714	235.0	887.0	-652.0	561.0	
REC: 78754	197.0	853.0	-656.0	525.0	
REC: 78794	165.0	823.0	-658.0	494.0	
REC: 78835	135.0	808.0	-673.0	471.0	
REC: 78876	86.0	784.0	-698.0	435.0	
REC: 78917	56.0	766.0	-710.0	411.0	
REC: 78957	47.0	759.0	-712.0	403.0	
REC: 78996	42.0	749.0	-707.0	395.0	
REC: 79037	38.0	742.0	-704.0	390.0	
REC: 79077	35.0	734.0	-699.0	384.0	
REC: 79117	34.0	732.0	-698.0	383.0	
REC: 79157	34.0	732.0	-698.0	383.0	
REC: 79198	29.0	731.0	-702.0	380.0	
REC: 79238	28.0	731.0	-703.0	379.0	
REC: 79279	31.0	732.0	-701.0	381.0	
REC: 79320	35.0	738.0	-703.0	386.0	
REC: 79359	38.0	746.0	-708.0	392.0	
REC: 79399	39.0	757.0	-718.0	398.0	
REC: 79439	40.0	758.0	-718.0	399.0	
REC: 79479	40.0	761.0	-721.0	400.0	
REC: 79519	40.0	761.0	-721.0	400.0	
REC: 79559	40.0	762.0	-722.0	401.0	
REC: 79600	40.0	763.0	-723.0	401.0	
REC: 79640	40.0	764.0	-724.0	402.0	
REC: 79681	40.0	766.0	-726.0	403.0	
REC: 79721	40.0	767.0	-727.0	403.0	
REC: 79762	40.0	769.0	-729.0	404.0	
REC: 79802	40.0	771.0	-731.0	405.0	
REC: 79844	40.0	771.0	-731.0	405.0	
REC: 79885	40.0	771.0	-731.0	405.0	
REC: 79925	40.0	771.0	-731.0	405.0	
REC: 79965	40.0	771.0	-731.0	405.0	
REC: 80005	40.0	771.0	-731.0	405.0	
REC: 80046	39.0	774.0	-735.0	406.0	
REC: 80086	35.0	775.0	-740.0	405.0	
REC: 80127	35.0	777.0	-742.0	406.0	
REC: 80168	34.0	777.0	-743.0	405.0	
REC: 80208	33.0	778.0	-745.0	405.0	
REC: 80249	32.0	780.0	-748.0	406.0	
REC: 80289	31.0	783.0	-752.0	407.0	
REC: 80329	30.0	784.0	-754.0	407.0	
REC: 80371	30.0	785.0	-755.0	407.0	
REC: 80412	30.0	786.0	-756.0	408.0	
REC: 80452	30.0	786.0	-756.0	408.0	
REC: 80492	30.0	786.0	-756.0	408.0	
REC: 80532	30.0	786.0	-756.0	408.0	
REC: 80572	30.0	786.0	-756.0	408.0	
REC: 80612	30.0	786.0	-756.0	408.0	
REC: 80653	30.0	786.0	-756.0	408.0	
REC: 80693	30.0	786.0	-756.0	408.0	
REC: 80733	30.0	786.0	-756.0	408.0	
REC: 80773	30.0	786.0	-756.0	408.0	
REC: 80813	30.0	786.0	-756.0	408.0	
REC: 80853	30.0	786.0	-756.0	408.0	
REC: 80893	30.0	786.0	-756.0	408.0	
REC: 80934	30.0	786.0	-756.0	408.0	
REC: 80974	30.0	786.0	-756.0	408.0	
REC: 81034	30.0	786.0	-756.0	408.0	
REC: 81078	30.0	786.0	-756.0	408.0	
