REC: 101086	475.0	618.0	-143.0	546.0	
REC: 101126	475.0	618.0	-143.0	546.0	
REC: 101172	475.0	618.0	-143.0	546.0	
REC: 101213	472.0	619.0	-147.0	545.0	
REC: 101250	470.0	621.0	-151.0	545.0	
REC: 101286	470.0	621.0	-151.0	545.0	
REC: 101323	469.0	622.0	-153.0	545.0	
REC: 101358	467.0	622.0	-155.0	544.0	
REC: 101393	466.0	623.0	-157.0	544.0	
REC: 101429	465.0	623.0	-158.0	544.0	
REC: 101465	465.0	623.0	-158.0	544.0	
REC: 101500	465.0	623.0	-158.0	544.0	
REC: 101550	468.0	651.0	-183.0	559.0	
REC: 101586	468.0	777.0	-309.0	622.0	
REC: 101621	420.0	952.0	-532.0	686.0	
REC: 101657	335.0	1053.0	-718.0	694.0	
REC: 101693	252.0	1057.0	-805.0	654.0	
REC: 101729	161.0	966.0	-805.0	563.0	
REC: 101765	146.0	901.0	-755.0	523.0	
REC: 101801	182.0	790.0	-608.0	486.0	
REC: 101839	280.0	705.0	-425.0	492.0	
REC: 101876	517.0	630.0	-113.0	573.0	
REC: 101914	636.0	652.0	-16.0	644.0	
REC: 101950	650.0	760.0	-110.0	705.0	
REC: 101987	572.0	970.0	-398.0	771.0	
REC: 102024	391.0	1137.0	-746.0	764.0	
REC: 102061	259.0	1085.0	-826.0	672.0	
REC: 102100	180.0	919.0	-739.0	549.0	
REC: 102135	223.0	716.0	-493.0	469.0	
REC: 102172	394.0	665.0	-271.0	529.0	
REC: 102208	605.0	718.0	-113.0	661.0	
REC: 102249	629.0	969.0	-340.0	799.0	
REC: 102287	440.0	1125.0	-685.0	782.0	
REC: 102324	235.0	1112.0	-877.0	673.0	
REC: 102359	156.0	829.0	-673.0	492.0	
REC: 102397	282.0	604.0	-322.0	443.0	
REC: 102433	491.0	558.0	-67.0	524.0	
REC: 102470	592.0	632.0	-40.0	612.0	
REC: 102507	497.0	830.0	-333.0	663.0	
REC: 102543	320.0	901.0	-581.0	610.0	
REC: 102582	204.0	836.0	-632.0	520.0	
REC: 102618	205.0	624.0	-419.0	414.0	
REC: 102655	415.0	369.0	46.0	392.0	
REC: 102691	577.0	396.0	181.0	486.0	
REC: 102727	618.0	569.0	49.0	593.0	
REC: 102762	494.0	801.0	-307.0	647.0	
REC: 102798	282.0	897.0	-615.0	589.0	
REC: 102834	216.0	753.0	-537.0	484.0	
REC: 102870	248.0	409.0	-161.0	328.0	
REC: 102906	407.0	178.0	229.0	292.0	
REC: 102944	544.0	199.0	345.0	371.0	
REC: 102980	614.0	496.0	118.0	555.0	
REC: 103017	476.0	779.0	-303.0	627.0	
REC: 103055	318.0	875.0	-557.0	596.0	
REC: 103091	208.0	673.0	-465.0	440.0	
REC: 103132	224.0	288.0	-64.0	256.0	
REC: 103172	404.0	45.0	359.0	224.0	
REC: 103209	539.0	104.0	435.0	321.0	
REC: 103245	613.0	323.0	290.0	468.0	
REC: 103282	501.0	639.0	-138.0	570.0	
REC: 103317	373.0	673.0	-300.0	523.0	
REC: 103354	272.0	513.0	-241.0	392.0	
REC: 103391	256.0	211.0	45.0	233.0	
REC: 103427	330.0	11.0	319.0	170.0	
REC: 103464	399.0	27.0	372.0	213.0	
REC: 103500	435.0	147.0	288.0	291.0	
REC: 103536	434.0	223.0	211.0	328.0	
REC: 103573	428.0	228.0	200.0	328.0	
REC: 103609	426.0	224.0	202.0	325.0	
REC: 103646	426.0	219.0	207.0	322.0	
REC: 103684	428.0	214.0	214.0	321.0	
REC: 103721	430.0	211.0	219.0	320.0	
REC: 103760	430.0	211.0	219.0	320.0	
REC: 103802	430.0	211.0	219.0	320.0	
REC: 103838	430.0	211.0	219.0	320.0	
REC: 103874	430.0	211.0	219.0	320.0	
REC: 103910	430.0	211.0	219.0	320.0	
REC: 103946	430.0	211.0	219.0	320.0	
REC: 103983	430.0	211.0	219.0	320.0	
REC: 104019	430.0	211.0	219.0	320.0	
REC: 104055	430.0	211.0	219.0	320.0	
REC: 104091	430.0	211.0	219.0	320.0	
REC: 104126	430.0	211.0	219.0	320.0	
REC: 104163	430.0	211.0	219.0	320.0	
REC: 104199	430.0	211.0	219.0	320.0	
REC: 104234	430.0	211.0	219.0	320.0	
REC: 104270	430.0	211.0	219.0	320.0	
REC: 104307	430.0	211.0	219.0	320.0	
REC: 104343	430.0	211.0	219.0	320.0	
REC: 104379	443.0	214.0	229.0	328.0	
REC: 104415	469.0	231.0	238.0	350.0	
REC: 104450	504.0	260.0	244.0	382.0	
REC: 104487	554.0	335.0	219.0	444.0	
REC: 104524	550.0	401.0	149.0	475.0	
REC: 104560	488.0	461.0	27.0	474.0	
REC: 104599	407.0	450.0	-43.0	428.0	
REC: 104635	311.0	338.0	-27.0	324.0	
REC: 104671	293.0	221.0	72.0	257.0	
REC: 104708	321.0	129.0	192.0	225.0	
REC: 104746	397.0	107.0	290.0	252.0	
REC: 104784	471.0	147.0	324.0	309.0	
REC: 104820	497.0	226.0	271.0	361.0	
REC: 104857	487.0	325.0	162.0	406.0	
REC: 104894	460.0	363.0	97.0	411.0	
REC: 104931	446.0	358.0	88.0	402.0	
REC: 104968	429.0	340.0	89.0	384.0	
REC: 105005	424.0	330.0	94.0	377.0	
REC: 105042	424.0	329.0	95.0	376.0	
REC: 105079	424.0	328.0	96.0	376.0	
REC: 105115	424.0	326.0	98.0	375.0	
REC: 105152	424.0	325.0	99.0	374.0	
REC: 105188	424.0	325.0	99.0	374.0	
REC: 105225	425.0	323.0	102.0	374.0	
REC: 105262	425.0	323.0	102.0	374.0	
REC: 105298	425.0	323.0	102.0	374.0	
REC: 105334	425.0	323.0	102.0	374.0	
REC: 105371	425.0	323.0	102.0	374.0	
REC: 105409	425.0	323.0	102.0	374.0	
REC: 105446	425.0	323.0	102.0	374.0	
REC: 105484	426.0	322.0	104.0	374.0	
REC: 105525	426.0	322.0	104.0	374.0	
REC: 105561	426.0	322.0	104.0	374.0	
REC: 105597	427.0	321.0	106.0	374.0	
REC: 105633	427.0	321.0	106.0	374.0	
REC: 105670	427.0	321.0	106.0	374.0	
REC: 105708	427.0	320.0	107.0	373.0	
REC: 105746	427.0	320.0	107.0	373.0	
REC: 105782	427.0	320.0	107.0	373.0	
REC: 105818	427.0	320.0	107.0	373.0	
REC: 105854	427.0	320.0	107.0	373.0	
REC: 105891	427.0	320.0	107.0	373.0	
REC: 105927	427.0	320.0	107.0	373.0	
REC: 105965	427.0	320.0	107.0	373.0	
REC: 106001	427.0	320.0	107.0	373.0	
REC: 106038	428.0	319.0	109.0	373.0	
REC: 106074	428.0	318.0	110.0	373.0	
REC: 106110	428.0	318.0	110.0	373.0	
REC: 106147	428.0	318.0	110.0	373.0	
REC: 106183	428.0	318.0	110.0	373.0	
REC: 106220	428.0	318.0	110.0	373.0	
REC: 106257	428.0	318.0	110.0	373.0	
REC: 106294	428.0	318.0	110.0	373.0	
REC: 106331	428.0	318.0	110.0	373.0	
REC: 106368	428.0	318.0	110.0	373.0	
REC: 106408	428.0	318.0	110.0	373.0	
REC: 106446	428.0	318.0	110.0	373.0	
REC: 106481	428.0	318.0	110.0	373.0	
REC: 106517	428.0	318.0	110.0	373.0	
REC: 106554	428.0	318.0	110.0	373.0	
REC: 106590	428.0	318.0	110.0	373.0	
REC: 106626	428.0	318.0	110.0	373.0	
REC: 106664	428.0	318.0	110.0	373.0	
REC: 106703	428.0	318.0	110.0	373.0	
REC: 106744	428.0	318.0	110.0	373.0	
REC: 106781	429.0	317.0	112.0	373.0	
REC: 106816	429.0	316.0	113.0	372.0	
REC: 106854	429.0	316.0	113.0	372.0	
REC: 106890	429.0	316.0	113.0	372.0	
REC: 106927	429.0	316.0	113.0	372.0	
REC: 106968	429.0	316.0	113.0	372.0	
REC: 107006	429.0	316.0	113.0	372.0	
REC: 107046	429.0	316.0	113.0	372.0	
REC: 107086	429.0	316.0	113.0	372.0	
REC: 107127	429.0	316.0	113.0	372.0	
REC: 107165	429.0	316.0	113.0	372.0	
REC: 107201	429.0	316.0	113.0	372.0	
REC: 107238	429.0	316.0	113.0	372.0	
REC: 107274	429.0	316.0	113.0	372.0	
REC: 107311	429.0	315.0	114.0	372.0	
REC: 107349	430.0	315.0	115.0	372.0	
REC: 107385	430.0	314.0	116.0	372.0	
REC: 107421	430.0	314.0	116.0	372.0	
REC: 107458	430.0	314.0	116.0	372.0	
REC: 107495	430.0	314.0	116.0	372.0	
REC: 107532	430.0	314.0	116.0	372.0	
REC: 107568	430.0	314.0	116.0	372.0	
REC: 107604	430.0	314.0	116.0	372.0	
REC: 107640	430.0	314.0	116.0	372.0	
REC: 107677	430.0	314.0	116.0	372.0	
REC: 107716	430.0	314.0	116.0	372.0	
REC: 107753	430.0	314.0	116.0	372.0	
REC: 107789	430.0	314.0	116.0	372.0	
REC: 107825	430.0	314.0	116.0	372.0	
REC: 107862	430.0	314.0	116.0	372.0	
REC: 107898	430.0	314.0	116.0	372.0	
REC: 107935	430.0	314.0	116.0	372.0	
REC: 107971	430.0	314.0	116.0	372.0	
REC: 108007	430.0	314.0	116.0	372.0	
REC: 108043	430.0	314.0	116.0	372.0	
REC: 108080	430.0	314.0	116.0	372.0	
REC: 108116	430.0	314.0	116.0	372.0	
REC: 108152	430.0	314.0	116.0	372.0	
REC: 108189	430.0	314.0	116.0	372.0	
REC: 108229	430.0	314.0	116.0	372.0	
REC: 108265	430.0	314.0	116.0	372.0	
REC: 108302	430.0	314.0	116.0	372.0	
REC: 108341	430.0	314.0	116.0	372.0	
REC: 108378	430.0	314.0	116.0	372.0	
REC: 108414	430.0	314.0	116.0	372.0	
REC: 108450	430.0	314.0	116.0	372.0	
REC: 108491	430.0	314.0	116.0	372.0	
REC: 108533	430.0	314.0	116.0	372.0	
REC: 108569	430.0	314.0	116.0	372.0	
REC: 108606	430.0	314.0	116.0	372.0	
REC: 108641	430.0	314.0	116.0	372.0	
REC: 108679	430.0	314.0	116.0	372.0	
REC: 108716	430.0	314.0	116.0	372.0	
REC: 108752	430.0	314.0	116.0	372.0	
REC: 108793	430.0	314.0	116.0	372.0	
REC: 108830	430.0	314.0	116.0	372.0	
REC: 108866	430.0	314.0	116.0	372.0	
REC: 108905	430.0	314.0	116.0	372.0	
REC: 108941	430.0	314.0	116.0	372.0	
REC: 108978	430.0	314.0	116.0	372.0	
REC: 109014	430.0	314.0	116.0	372.0	
REC: 109061	430.0	314.0	116.0	372.0	
REC: 109111	430.0	314.0	116.0	372.0	
REC: 109160	430.0	314.0	116.0	372.0	
REC: 109203	430.0	314.0	116.0	372.0	
REC: 109243	430.0	314.0	116.0	372.0	
REC: 109281	430.0	314.0	116.0	372.0	
REC: 109324	430.0	314.0	116.0	372.0	
REC: 109365	430.0	314.0	116.0	372.0	
REC: 109406	430.0	314.0	116.0	372.0	
REC: 109451	430.0	314.0	116.0	372.0	
REC: 109494	430.0	314.0	116.0	372.0	
REC: 109533	430.0	314.0	116.0	372.0	
REC: 109573	430.0	314.0	116.0	372.0	
REC: 109618	430.0	314.0	116.0	372.0	
REC: 109659	430.0	314.0	116.0	372.0	
REC: 109697	430.0	314.0	116.0	372.0	
REC: 109735	430.0	314.0	116.0	372.0	
REC: 109782	430.0	314.0	116.0	372.0	
REC: 109826	430.0	314.0	116.0	372.0	
REC: 109868	430.0	314.0	116.0	372.0	
REC: 109915	430.0	314.0	116.0	372.0	
REC: 109961	430.0	314.0	116.0	372.0	
REC: 109999	430.0	314.0	116.0	372.0	
REC: 110036	430.0	314.0	116.0	372.0	
REC: 110073	430.0	314.0	116.0	372.0	
REC: 110109	430.0	314.0	116.0	372.0	
REC: 110145	430.0	314.0	116.0	372.0	
REC: 110182	430.0	314.0	116.0	372.0	
REC: 110219	430.0	314.0	116.0	372.0	
REC: 110259	430.0	314.0	116.0	372.0	
REC: 110295	430.0	314.0	116.0	372.0	
REC: 110332	430.0	314.0	116.0	372.0	
REC: 110369	430.0	314.0	116.0	372.0	
REC: 110405	430.0	314.0	116.0	372.0	
REC: 110441	430.0	314.0	116.0	372.0	
REC: 110479	430.0	314.0	116.0	372.0	
REC: 110516	430.0	314.0	116.0	372.0	
REC: 110553	430.0	314.0	116.0	372.0	
REC: 110589	430.0	314.0	116.0	372.0	
REC: 110626	430.0	314.0	116.0	372.0	
REC: 110664	430.0	314.0	116.0	372.0	
REC: 110700	430.0	314.0	116.0	372.0	
REC: 110736	430.0	314.0	116.0	372.0	
REC: 110772	430.0	314.0	116.0	372.0	
REC: 110810	430.0	314.0	116.0	372.0	
REC: 110846	430.0	314.0	116.0	372.0	
REC: 110883	430.0	314.0	116.0	372.0	
REC: 110919	430.0	314.0	116.0	372.0	
REC: 110956	430.0	314.0	116.0	372.0	
REC: 110993	430.0	314.0	116.0	372.0	
REC: 111029	430.0	314.0	116.0	372.0	
REC: 111066	430.0	314.0	116.0	372.0	
REC: 111109	430.0	314.0	116.0	372.0	
REC: 111145	430.0	314.0	116.0	372.0	
REC: 111182	430.0	314.0	116.0	372.0	
REC: 111218	430.0	314.0	116.0	372.0	
REC: 111256	430.0	314.0	116.0	372.0	
REC: 111295	430.0	314.0	116.0	372.0	
REC: 111331	430.0	314.0	116.0	372.0	
REC: 111367	430.0	314.0	116.0	372.0	
REC: 111403	430.0	314.0	116.0	372.0	
REC: 111440	430.0	314.0	116.0	372.0	
REC: 111476	430.0	314.0	116.0	372.0	
REC: 111514	430.0	314.0	116.0	372.0	
REC: 111550	430.0	314.0	116.0	372.0	
REC: 111586	430.0	314.0	116.0	372.0	
REC: 111623	430.0	314.0	116.0	372.0	
REC: 111660	430.0	314.0	116.0	372.0	
REC: 111696	430.0	314.0	116.0	372.0	
REC: 111731	430.0	314.0	116.0	372.0	
REC: 111769	430.0	314.0	116.0	372.0	
REC: 111806	430.0	314.0	116.0	372.0	
REC: 111842	430.0	314.0	116.0	372.0	
REC: 111881	430.0	314.0	116.0	372.0	
REC: 111918	430.0	314.0	116.0	372.0	
REC: 111955	430.0	314.0	116.0	372.0	
REC: 111990	430.0	314.0	116.0	372.0	
REC: 112028	430.0	314.0	116.0	372.0	
REC: 112065	430.0	314.0	116.0	372.0	
REC: 112101	430.0	314.0	116.0	372.0	
REC: 112138	430.0	314.0	116.0	372.0	
REC: 112177	430.0	314.0	116.0	372.0	
REC: 112213	430.0	314.0	116.0	372.0	
REC: 112250	430.0	314.0	116.0	372.0	
REC: 112286	430.0	314.0	116.0	372.0	
REC: 112323	430.0	314.0	116.0	372.0	
REC: 112359	430.0	314.0	116.0	372.0	
REC: 112395	430.0	314.0	116.0	372.0	
REC: 112431	430.0	314.0	116.0	372.0	
REC: 112467	430.0	314.0	116.0	372.0	
REC: 112504	430.0	314.0	116.0	372.0	
REC: 112540	430.0	314.0	116.0	372.0	
REC: 112577	430.0	314.0	116.0	372.0	
REC: 112614	430.0	314.0	116.0	372.0	
REC: 112651	430.0	314.0	116.0	372.0	
REC: 112687	430.0	314.0	116.0	372.0	
REC: 112723	430.0	314.0	116.0	372.0	
REC: 112760	430.0	314.0	116.0	372.0	
REC: 112797	430.0	314.0	116.0	372.0	
REC: 112834	430.0	314.0	116.0	372.0	
REC: 112870	430.0	314.0	116.0	372.0	
REC: 112906	430.0	314.0	116.0	372.0	
REC: 112943	430.0	314.0	116.0	372.0	
REC: 112980	430.0	314.0	116.0	372.0	
REC: 113016	430.0	314.0	116.0	372.0	
REC: 113052	430.0	314.0	116.0	372.0	
REC: 113088	430.0	314.0	116.0	372.0	
REC: 113125	430.0	314.0	116.0	372.0	
REC: 113164	430.0	314.0	116.0	372.0	
REC: 113201	430.0	314.0	116.0	372.0	
REC: 113238	430.0	314.0	116.0	372.0	
REC: 113274	430.0	314.0	116.0	372.0	
REC: 113310	430.0	314.0	116.0	372.0	
REC: 113347	430.0	314.0	116.0	372.0	
REC: 113383	430.0	314.0	116.0	372.0	
REC: 113419	430.0	314.0	116.0	372.0	
REC: 113456	430.0	314.0	116.0	372.0	
REC: 113492	430.0	314.0	116.0	372.0	
REC: 113529	435.0	312.0	123.0	373.0	
REC: 113565	435.0	312.0	123.0	373.0	
REC: 113601	435.0	312.0	123.0	373.0	
REC: 113638	435.0	312.0	123.0	373.0	
REC: 113674	435.0	312.0	123.0	373.0	
REC: 113711	435.0	312.0	123.0	373.0	
REC: 113748	435.0	312.0	123.0	373.0	
REC: 113784	435.0	312.0	123.0	373.0	
REC: 113821	435.0	312.0	123.0	373.0	
REC: 113857	435.0	312.0	123.0	373.0	
REC: 113894	435.0	312.0	123.0	373.0	
REC: 113932	435.0	312.0	123.0	373.0	
REC: 113968	435.0	312.0	123.0	373.0	
REC: 114007	435.0	312.0	123.0	373.0	
REC: 114043	435.0	312.0	123.0	373.0	
REC: 114080	435.0	312.0	123.0	373.0	
REC: 114116	435.0	312.0	123.0	373.0	
REC: 114152	435.0	312.0	123.0	373.0	
REC: 114189	435.0	312.0	123.0	373.0	
REC: 114225	435.0	312.0	123.0	373.0	
REC: 114264	433.0	312.0	121.0	372.0	
REC: 114301	433.0	312.0	121.0	372.0	
REC: 114338	433.0	312.0	121.0	372.0	
REC: 114375	433.0	312.0	121.0	372.0	
REC: 114411	433.0	312.0	121.0	372.0	
REC: 114447	433.0	312.0	121.0	372.0	
REC: 114484	433.0	312.0	121.0	372.0	
REC: 114521	433.0	312.0	121.0	372.0	
REC: 114557	433.0	312.0	121.0	372.0	
REC: 114594	433.0	312.0	121.0	372.0	
REC: 114631	433.0	312.0	121.0	372.0	
REC: 114668	433.0	312.0	121.0	372.0	
REC: 114704	433.0	312.0	121.0	372.0	
REC: 114740	433.0	312.0	121.0	372.0	
REC: 114776	433.0	312.0	121.0	372.0	
REC: 114812	433.0	312.0	121.0	372.0	
REC: 114848	433.0	312.0	121.0	372.0	
REC: 114884	433.0	312.0	121.0	372.0	
REC: 114920	433.0	312.0	121.0	372.0	
REC: 114956	433.0	312.0	121.0	372.0	
REC: 114993	433.0	312.0	121.0	372.0	
REC: 115029	433.0	312.0	121.0	372.0	
REC: 115066	433.0	312.0	121.0	372.0	
REC: 115102	433.0	312.0	121.0	372.0	
REC: 115138	433.0	312.0	121.0	372.0	
REC: 115177	433.0	312.0	121.0	372.0	
REC: 115213	433.0	312.0	121.0	372.0	
REC: 115251	408.0	386.0	22.0	397.0	
REC: 115289	339.0	475.0	-136.0	407.0	
REC: 115326	287.0	466.0	-179.0	376.0	
REC: 115362	219.0	402.0	-183.0	310.0	
REC: 115399	161.0	265.0	-104.0	213.0	
REC: 115436	176.0	165.0	11.0	170.0	
REC: 115473	252.0	91.0	161.0	171.0	
REC: 115512	429.0	123.0	306.0	276.0	
REC: 115549	541.0	283.0	258.0	412.0	
REC: 115587	543.0	470.0	73.0	506.0	
REC: 115625	408.0	635.0	-227.0	521.0	
REC: 115661	257.0	568.0	-311.0	412.0	
REC: 115698	140.0	348.0	-208.0	244.0	
REC: 115734	117.0	117.0	0.0	117.0	
REC: 115770	190.0	19.0	171.0	104.0	
REC: 115808	339.0	54.0	285.0	196.0	
REC: 115845	426.0	157.0	269.0	291.0	
REC: 115881	412.0	283.0	129.0	347.0	
REC: 115917	276.0	388.0	-112.0	332.0	
REC: 115955	158.0	356.0	-198.0	257.0	
REC: 115993	104.0	246.0	-142.0	175.0	
REC: 116030	139.0	53.0	86.0	96.0	
REC: 116068	258.0	3.0	255.0	130.0	
REC: 116105	389.0	29.0	360.0	209.0	
REC: 116143	433.0	128.0	305.0	280.0	
REC: 116180	382.0	257.0	125.0	319.0	
REC: 116217	266.0	362.0	-96.0	314.0	
REC: 116254	179.0	338.0	-159.0	258.0	
REC: 116293	130.0	225.0	-95.0	177.0	
REC: 116329	118.0	95.0	23.0	106.0	
REC: 116367	129.0	28.0	101.0	78.0	
REC: 116404	147.0	19.0	128.0	83.0	
REC: 116441	152.0	21.0	131.0	86.0	
REC: 116478	154.0	23.0	131.0	88.0	
REC: 116514	154.0	24.0	130.0	89.0	
REC: 116551	154.0	24.0	130.0	89.0	
REC: 116588	154.0	24.0	130.0	89.0	
REC: 116628	154.0	24.0	130.0	89.0	
REC: 116664	154.0	24.0	130.0	89.0	
REC: 116701	154.0	24.0	130.0	89.0	
REC: 116738	154.0	24.0	130.0	89.0	
REC: 116773	154.0	24.0	130.0	89.0	
REC: 116810	154.0	24.0	130.0	89.0	
REC: 116845	154.0	24.0	130.0	89.0	
REC: 116880	154.0	24.0	130.0	89.0	
REC: 116917	154.0	24.0	130.0	89.0	
REC: 116954	154.0	24.0	130.0	89.0	
REC: 116991	154.0	24.0	130.0	89.0	
REC: 117028	154.0	24.0	130.0	89.0	
REC: 117067	154.0	24.0	130.0	89.0	
REC: 117105	154.0	24.0	130.0	89.0	
REC: 117141	154.0	24.0	130.0	89.0	
REC: 117177	154.0	24.0	130.0	89.0	
REC: 117212	154.0	24.0	130.0	89.0	
REC: 117253	154.0	24.0	130.0	89.0	
REC: 117289	154.0	24.0	130.0	89.0	
REC: 117324	154.0	24.0	130.0	89.0	
REC: 117360	143.0	43.0	100.0	93.0	
REC: 117396	128.0	63.0	65.0	95.0	
REC: 117433	118.0	80.0	38.0	99.0	
REC: 117471	93.0	115.0	-22.0	104.0	
REC: 117509	74.0	142.0	-68.0	108.0	
REC: 117546	59.0	163.0	-104.0	111.0	
REC: 117584	12.0	211.0	-199.0	111.0	
REC: 117622	12.0	211.0	-199.0	111.0	
REC: 117659	12.0	211.0	-199.0	111.0	
REC: 117697	12.0	211.0	-199.0	111.0	
REC: 117737	12.0	211.0	-199.0	111.0	
REC: 117773	12.0	211.0	-199.0	111.0	
REC: 117810	12.0	211.0	-199.0	111.0	
REC: 117848	12.0	211.0	-199.0	111.0	
REC: 117886	12.0	211.0	-199.0	111.0	
REC: 117922	12.0	211.0	-199.0	111.0	
REC: 117959	12.0	211.0	-199.0	111.0	
REC: 117996	12.0	211.0	-199.0	111.0	
REC: 118035	12.0	211.0	-199.0	111.0	
REC: 118076	12.0	211.0	-199.0	111.0	
REC: 118113	12.0	211.0	-199.0	111.0	
REC: 118150	12.0	211.0	-199.0	111.0	
REC: 118187	12.0	211.0	-199.0	111.0	
REC: 118225	12.0	687.0	-675.0	349.0	
REC: 118263	54.0	725.0	-671.0	389.0	
REC: 118302	89.0	755.0	-666.0	422.0	
REC: 118339	84.0	761.0	-677.0	422.0	
REC: 118377	80.0	762.0	-682.0	421.0	
REC: 118413	73.0	766.0	-693.0	419.0	
REC: 118451	67.0	766.0	-699.0	416.0	
REC: 118488	65.0	766.0	-701.0	415.0	
REC: 118528	64.0	766.0	-702.0	415.0	
REC: 118567	64.0	766.0	-702.0	415.0	
REC: 118605	64.0	766.0	-702.0	415.0	
REC: 118656	64.0	766.0	-702.0	415.0	
REC: 118707	64.0	766.0	-702.0	415.0	
REC: 118753	50.0	766.0	-716.0	408.0	
REC: 118792	40.0	767.0	-727.0	403.0	
REC: 118830	38.0	767.0	-729.0	402.0	
REC: 118868	38.0	767.0	-729.0	402.0	
REC: 118905	37.0	767.0	-730.0	402.0	
REC: 118942	36.0	767.0	-731.0	401.0	
REC: 118980	36.0	767.0	-731.0	401.0	
REC: 119019	36.0	767.0	-731.0	401.0	
REC: 119056	36.0	767.0	-731.0	401.0	
REC: 119093	36.0	767.0	-731.0	401.0	
REC: 119131	36.0	767.0	-731.0	401.0	
REC: 119170	36.0	767.0	-731.0	401.0	
REC: 119211	36.0	767.0	-731.0	401.0	
REC: 119251	36.0	767.0	-731.0	401.0	
REC: 119292	36.0	767.0	-731.0	401.0	
REC: 119329	36.0	767.0	-731.0	401.0	
REC: 119366	36.0	767.0	-731.0	401.0	
REC: 119403	36.0	767.0	-731.0	401.0	
REC: 119441	36.0	767.0	-731.0	401.0	
REC: 119478	44.0	756.0	-712.0	400.0	
REC: 119515	57.0	779.0	-722.0	418.0	
REC: 119553	56.0	797.0	-741.0	426.0	
REC: 119591	49.0	801.0	-752.0	425.0	
REC: 119631	41.0	795.0	-754.0	418.0	
REC: 119669	29.0	766.0	-737.0	397.0	
REC: 119706	27.0	735.0	-708.0	381.0	
REC: 119744	28.0	729.0	-701.0	378.0	
REC: 119782	34.0	729.0	-695.0	381.0	
REC: 119826	39.0	753.0	-714.0	396.0	
REC: 119876	39.0	759.0	-720.0	399.0	
REC: 119918	31.0	754.0	-723.0	392.0	
REC: 119961	25.0	735.0	-710.0	380.0	
REC: 120002	27.0	715.0	-688.0	371.0	
REC: 120046	27.0	715.0	-688.0	371.0	
REC: 120085	29.0	722.0	-693.0	375.0	
REC: 120126	29.0	768.0	-739.0	398.0	
REC: 120163	26.0	773.0	-747.0	399.0	
REC: 120200	21.0	770.0	-749.0	395.0	
REC: 120240	17.0	746.0	-729.0	381.0	
REC: 120277	19.0	741.0	-722.0	380.0	
REC: 120316	27.0	741.0	-714.0	384.0	
REC: 120354	37.0	759.0	-722.0	398.0	
REC: 120391	38.0	775.0	-737.0	406.0	
REC: 120429	34.0	779.0	-745.0	406.0	
REC: 120466	26.0	778.0	-752.0	402.0	
REC: 120504	25.0	767.0	-742.0	396.0	
REC: 120542	27.0	756.0	-729.0	391.0	
REC: 120578	29.0	755.0	-726.0	392.0	
REC: 120615	29.0	755.0	-726.0	392.0	
REC: 120652	29.0	755.0	-726.0	392.0	
REC: 120690	29.0	755.0	-726.0	392.0	
REC: 120727	29.0	755.0	-726.0	392.0	
REC: 120764	29.0	755.0	-726.0	392.0	
REC: 120803	29.0	755.0	-726.0	392.0	
REC: 120840	29.0	748.0	-719.0	388.0	
REC: 120878	33.0	733.0	-700.0	383.0	
REC: 120916	34.0	724.0	-690.0	379.0	
REC: 120953	34.0	719.0	-685.0	376.0	
REC: 120990	34.0	719.0	-685.0	376.0	
REC: 121030	34.0	719.0	-685.0	376.0	
REC: 121071	47.0	731.0	-684.0	389.0	
REC: 121111	65.0	770.0	-705.0	417.0	
REC: 121148	64.0	794.0	-730.0	429.0	
REC: 121186	56.0	800.0	-744.0	428.0	
REC: 121224	46.0	803.0	-757.0	424.0	
REC: 121263	29.0	795.0	-766.0	412.0	
REC: 121300	25.0	777.0	-752.0	401.0	
REC: 121337	25.0	753.0	-728.0	389.0	
REC: 121374	39.0	739.0	-700.0	389.0	
REC: 121414	55.0	741.0	-686.0	398.0	
REC: 121454	63.0	761.0	-698.0	412.0	
REC: 121495	60.0	777.0	-717.0	418.0	
REC: 121533	46.0	780.0	-734.0	413.0	
REC: 121571	27.0	759.0	-732.0	393.0	
REC: 121609	23.0	745.0	-722.0	384.0	
REC: 121648	26.0	743.0	-717.0	384.0	
REC: 121686	38.0	746.0	-708.0	392.0	
REC: 121725	41.0	757.0	-716.0	399.0	
REC: 121763	34.0	769.0	-735.0	401.0	
REC: 121802	23.0	770.0	-747.0	396.0	
REC: 121843	17.0	760.0	-743.0	388.0	
REC: 121880	19.0	747.0	-728.0	383.0	
REC: 121919	25.0	743.0	-718.0	384.0	
REC: 121957	27.0	743.0	-716.0	385.0	
REC: 122001	29.0	743.0	-714.0	386.0	
REC: 122041	29.0	743.0	-714.0	386.0	
REC: 122079	29.0	743.0	-714.0	386.0	
REC: 122121	29.0	743.0	-714.0	386.0	
REC: 122160	29.0	742.0	-713.0	385.0	
REC: 122205	31.0	738.0	-707.0	384.0	
REC: 122247	32.0	732.0	-700.0	382.0	
REC: 122292	32.0	731.0	-699.0	381.0	
REC: 122329	32.0	731.0	-699.0	381.0	
REC: 122366	32.0	731.0	-699.0	381.0	
REC: 122404	32.0	740.0	-708.0	386.0	
REC: 122442	31.0	752.0	-721.0	391.0	
REC: 122479	28.0	761.0	-733.0	394.0	
REC: 122517	27.0	772.0	-745.0	399.0	
REC: 122554	26.0	778.0	-752.0	402.0	
REC: 122593	26.0	778.0	-752.0	402.0	
REC: 122629	26.0	779.0	-753.0	402.0	
REC: 122666	26.0	781.0	-755.0	403.0	
REC: 122703	26.0	781.0	-755.0	403.0	
REC: 122740	26.0	781.0	-755.0	403.0	
REC: 122778	26.0	781.0	-755.0	403.0	
REC: 122816	26.0	780.0	-754.0	403.0	
REC: 122854	28.0	753.0	-725.0	390.0	
REC: 122892	30.0	732.0	-702.0	381.0	
REC: 122929	31.0	728.0	-697.0	379.0	
REC: 122968	31.0	728.0	-697.0	379.0	
REC: 123004	31.0	739.0	-708.0	385.0	
REC: 123043	31.0	753.0	-722.0	392.0	
REC: 123085	31.0	756.0	-725.0	393.0	
REC: 123126	29.0	765.0	-736.0	397.0	
REC: 123163	28.0	772.0	-744.0	400.0	
REC: 123202	28.0	779.0	-751.0	403.0	
REC: 123240	26.0	807.0	-781.0	416.0	
REC: 123278	26.0	849.0	-823.0	437.0	
REC: 123316	26.0	877.0	-851.0	451.0	
REC: 123353	26.0	916.0	-890.0	471.0	
REC: 123394	26.0	940.0	-914.0	483.0	
REC: 123433	26.0	946.0	-920.0	486.0	
REC: 123470	26.0	946.0	-920.0	486.0	
REC: 123508	26.0	946.0	-920.0	486.0	
REC: 123545	26.0	946.0	-920.0	486.0	
REC: 123583	25.0	943.0	-918.0	484.0	
REC: 123622	24.0	928.0	-904.0	476.0	
REC: 123660	24.0	917.0	-893.0	470.0	
REC: 123698	24.0	917.0	-893.0	470.0	
REC: 123736	24.0	925.0	-901.0	474.0	
REC: 123775	24.0	958.0	-934.0	491.0	
REC: 123813	23.0	1019.0	-996.0	521.0	
REC: 123850	20.0	1040.0	-1020.0	530.0	
REC: 123888	18.0	1053.0	-1035.0	535.0	
REC: 123927	14.0	1069.0	-1055.0	541.0	
REC: 123964	12.0	1089.0	-1077.0	550.0	
REC: 124005	12.0	1108.0	-1096.0	560.0	
REC: 124046	11.0	1121.0	-1110.0	566.0	
REC: 124088	11.0	1130.0	-1119.0	570.0	
REC: 124131	11.0	1145.0	-1134.0	578.0	
REC: 124177	20.0	1194.0	-1174.0	607.0	
REC: 124217	23.0	1229.0	-1206.0	626.0	
REC: 124255	23.0	1233.0	-1210.0	628.0	
REC: 124293	23.0	1233.0	-1210.0	628.0	
REC: 124332	23.0	1233.0	-1210.0	628.0	
REC: 124371	23.0	1220.0	-1197.0	621.0	
REC: 124412	27.0	1080.0	-1053.0	553.0	
REC: 124449	27.0	1017.0	-990.0	522.0	
REC: 124488	27.0	987.0	-960.0	507.0	
REC: 124534	30.0	931.0	-901.0	480.0	
REC: 124581	30.0	896.0	-866.0	463.0	
REC: 124619	30.0	895.0	-865.0	462.0	
REC: 124662	30.0	898.0	-868.0	464.0	
REC: 124700	28.0	932.0	-904.0	480.0	
REC: 124737	27.0	1050.0	-1023.0	538.0	
REC: 124777	19.0	1201.0	-1182.0	610.0	
REC: 124815	15.0	1218.0	-1203.0	616.0	
REC: 124854	15.0	1218.0	-1203.0	616.0	
REC: 124891	15.0	1218.0	-1203.0	616.0	
REC: 124928	15.0	1210.0	-1195.0	612.0	
REC: 124966	23.0	1057.0	-1034.0	540.0	
REC: 125004	25.0	979.0	-954.0	502.0	
REC: 125043	25.0	961.0	-936.0	493.0	
REC: 125081	25.0	967.0	-942.0	496.0	
REC: 125122	25.0	1020.0	-995.0	522.0	
REC: 125160	21.0	1040.0	-1019.0	530.0	
REC: 125198	21.0	1040.0	-1019.0	530.0	
REC: 125240	21.0	1033.0	-1012.0	527.0	
REC: 125293	26.0	990.0	-964.0	508.0	
REC: 125344	27.0	983.0	-956.0	505.0	
REC: 125396	26.0	983.0	-957.0	504.0	
REC: 125445	26.0	983.0	-957.0	504.0	
REC: 125493	26.0	983.0	-957.0	504.0	
REC: 125536	26.0	983.0	-957.0	504.0	
REC: 125585	26.0	988.0	-962.0	507.0	
REC: 125632	26.0	988.0	-962.0	507.0	
REC: 125684	26.0	988.0	-962.0	507.0	
REC: 125737	26.0	988.0	-962.0	507.0	
REC: 125790	26.0	988.0	-962.0	507.0	
REC: 125841	26.0	988.0	-962.0	507.0	
REC: 125886	26.0	988.0	-962.0	507.0	
REC: 125927	26.0	988.0	-962.0	507.0	
REC: 125966	26.0	988.0	-962.0	507.0	
REC: 126006	26.0	988.0	-962.0	507.0	
REC: 126046	26.0	988.0	-962.0	507.0	
REC: 126088	26.0	988.0	-962.0	507.0	
REC: 126126	26.0	988.0	-962.0	507.0	
REC: 126163	26.0	988.0	-962.0	507.0	
REC: 126203	26.0	988.0	-962.0	507.0	
REC: 126243	26.0	988.0	-962.0	507.0	
REC: 126281	26.0	988.0	-962.0	507.0	
REC: 126319	26.0	988.0	-962.0	507.0	
REC: 126357	26.0	988.0	-962.0	507.0	
REC: 126395	26.0	988.0	-962.0	507.0	
REC: 126432	26.0	988.0	-962.0	507.0	
REC: 126473	26.0	988.0	-962.0	507.0	
REC: 126512	26.0	988.0	-962.0	507.0	
REC: 126551	26.0	988.0	-962.0	507.0	
REC: 126593	26.0	988.0	-962.0	507.0	
REC: 126630	26.0	988.0	-962.0	507.0	
REC: 126669	26.0	988.0	-962.0	507.0	
REC: 126708	26.0	988.0	-962.0	507.0	
REC: 126751	26.0	988.0	-962.0	507.0	
REC: 126790	26.0	988.0	-962.0	507.0	
REC: 126827	26.0	988.0	-962.0	507.0	
REC: 126865	26.0	988.0	-962.0	507.0	
REC: 126902	26.0	988.0	-962.0	507.0	
REC: 126940	26.0	988.0	-962.0	507.0	
REC: 126984	26.0	988.0	-962.0	507.0	
REC: 127026	26.0	988.0	-962.0	507.0	
REC: 127067	26.0	988.0	-962.0	507.0	
REC: 127107	26.0	988.0	-962.0	507.0	
REC: 127145	26.0	988.0	-962.0	507.0	
REC: 127182	26.0	988.0	-962.0	507.0	
REC: 127220	26.0	988.0	-962.0	507.0	
REC: 127262	26.0	988.0	-962.0	507.0	
REC: 127310	26.0	988.0	-962.0	507.0	
REC: 127358	26.0	988.0	-962.0	507.0	
REC: 127404	26.0	988.0	-962.0	507.0	
REC: 127446	26.0	988.0	-962.0	507.0	
REC: 127488	26.0	988.0	-962.0	507.0	
REC: 127533	26.0	988.0	-962.0	507.0	
REC: 127578	26.0	988.0	-962.0	507.0	
REC: 127622	26.0	988.0	-962.0	507.0	
REC: 127669	26.0	988.0	-962.0	507.0	
REC: 127708	26.0	988.0	-962.0	507.0	
REC: 127750	26.0	988.0	-962.0	507.0	
REC: 127794	26.0	988.0	-962.0	507.0	
REC: 127836	26.0	988.0	-962.0	507.0	
REC: 127875	59.0	895.0	-836.0	477.0	
REC: 127917	101.0	826.0	-725.0	463.0	
REC: 127955	164.0	682.0	-518.0	423.0	
REC: 127994	226.0	540.0	-314.0	383.0	
REC: 128033	246.0	507.0	-261.0	376.0	
REC: 128075	282.0	526.0	-244.0	404.0	
REC: 128116	350.0	642.0	-292.0	496.0	
REC: 128155	402.0	790.0	-388.0	596.0	
REC: 128195	393.0	896.0	-503.0	644.0	
REC: 128237	333.0	898.0	-565.0	615.0	
REC: 128284	244.0	822.0	-578.0	533.0	
REC: 128337	248.0	745.0	-497.0	496.0	
REC: 128384	346.0	663.0	-317.0	504.0	
REC: 128429	374.0	657.0	-283.0	515.0	
REC: 128479	329.0	758.0	-429.0	543.0	
REC: 128531	236.0	803.0	-567.0	519.0	
REC: 128583	201.0	769.0	-568.0	485.0	
REC: 128634	163.0	741.0	-578.0	452.0	
REC: 128683	128.0	734.0	-606.0	431.0	
REC: 128736	122.0	734.0	-612.0	428.0	
REC: 128789	155.0	745.0	-590.0	450.0	
REC: 128837	249.0	814.0	-565.0	531.0	
REC: 128886	229.0	859.0	-630.0	544.0	
REC: 128938	142.0	796.0	-654.0	469.0	
REC: 128985	181.0	673.0	-492.0	427.0	
REC: 129030	261.0	659.0	-398.0	460.0	
REC: 129072	271.0	704.0	-433.0	487.0	
REC: 129123	148.0	875.0	-727.0	511.0	
REC: 129174	120.0	844.0	-724.0	482.0	
REC: 129224	224.0	667.0	-443.0	445.0	
REC: 129276	305.0	646.0	-341.0	475.0	
REC: 129327	256.0	881.0	-625.0	568.0	
REC: 129367	175.0	963.0	-788.0	569.0	
REC: 129411	151.0	921.0	-770.0	536.0	
REC: 129450	156.0	805.0	-649.0	480.0	
REC: 129495	162.0	801.0	-639.0	481.0	
REC: 129536	154.0	816.0	-662.0	485.0	
REC: 129579	135.0	827.0	-692.0	481.0	
REC: 129617	79.0	841.0	-762.0	460.0	
REC: 129658	64.0	828.0	-764.0	446.0	
REC: 129698	63.0	820.0	-757.0	441.0	
REC: 129736	61.0	797.0	-736.0	429.0	
REC: 129775	61.0	785.0	-724.0	423.0	
REC: 129813	58.0	778.0	-720.0	418.0	
REC: 129853	54.0	774.0	-720.0	414.0	
REC: 129892	45.0	769.0	-724.0	407.0	
REC: 129931	43.0	768.0	-725.0	405.0	
REC: 129969	39.0	768.0	-729.0	403.0	
REC: 130008	34.0	766.0	-732.0	400.0	
REC: 130046	32.0	765.0	-733.0	398.0	
REC: 130085	31.0	765.0	-734.0	398.0	
REC: 130122	31.0	765.0	-734.0	398.0	
REC: 130160	31.0	765.0	-734.0	398.0	
REC: 130198	31.0	765.0	-734.0	398.0	
REC: 130237	31.0	765.0	-734.0	398.0	
REC: 130275	31.0	762.0	-731.0	396.0	
REC: 130314	32.0	760.0	-728.0	396.0	
REC: 130360	32.0	760.0	-728.0	396.0	
REC: 130398	32.0	759.0	-727.0	395.0	
REC: 130437	32.0	758.0	-726.0	395.0	
REC: 130476	32.0	756.0	-724.0	394.0	
REC: 130516	32.0	755.0	-723.0	393.0	
REC: 130555	32.0	755.0	-723.0	393.0	
REC: 130594	32.0	755.0	-723.0	393.0	
REC: 130634	32.0	755.0	-723.0	393.0	
REC: 130672	32.0	755.0	-723.0	393.0	
